Frequency (Hz)	Channel 2 Magnitude (dB)	Channel 2 Phase (deg)
100	26.95457946992871	-0.01106069638693441
102.32929922807536	26.947875251021287	-0.046978857685076036
104.71285480508996	26.956281719630375	0.03391648626434929
107.15193052376058	26.94914210791675	0.045614385960004
109.64781961431852	26.953856073991524	-0.09725339118464049
112.2018454301963	26.95521516831669	-0.01956778210623611
114.8153621496883	26.956505848994535	-0.030810323544642415
117.48975549395291	26.95165320638642	0.03837564458800102
120.22644346174131	26.95271498461111	-0.021195335121561243
123.02687708123811	26.952635399097638	-0.029177393631598214
125.89254117941674	26.941560820411524	-0.041845401743202615
128.82495516931337	26.948166125339554	-0.0009056857752796077
131.82567385564073	26.956637643846317	0.02286542724272067
134.89628825916535	26.94695415354678	0.0065897626773505635
138.03842646028852	26.94890178518243	0.009517020023281475
141.2537544622754	26.94100782690027	-0.06900117964001895
144.5439770745928	26.954024403417108	-0.07971700100932821
147.91083881682073	26.954885280129943	-0.033724915208949824
151.35612484362088	26.952133026341492	-0.06072869351455523
154.88166189124811	26.95466256772667	-0.053470116797086575
158.48931924611142	26.95818567232275	-0.05679700229908491
162.18100973589299	26.94907378137222	-0.06199636794386265
165.95869074375616	26.958956948258393	-0.008349135396798602
169.82436524617444	26.95562522330514	0.010749233948970982
173.78008287493762	26.944720846601626	-0.022930150334694588
177.82794100389228	26.95450541708295	0.011362010277494505
181.97008586099827	26.94734065658828	-0.06701471479865972
186.20871366628677	26.960924166576877	-0.0415998011349501
190.5460717963248	26.950297547453296	-0.021264580678646894
194.98445997580455	26.953682129496606	-0.08111228352512967
199.52623149688787	26.952904626896274	0.01716931045035608
204.17379446695296	26.947949136299997	-0.027799093821769816
208.92961308540387	26.943049798655736	-0.04172266311565487
213.79620895022325	26.96033836191357	-0.029251852716868143
218.77616239495518	26.949250326110775	-0.0029751591193019067
223.872113856834	26.956963482571688	-0.04225138990014443
229.08676527677724	26.953214521089308	-0.022154956309072826
234.42288153199226	26.94617471252084	-0.12385554531692833
239.88329190194898	26.94585644075863	-0.05039688705440426
245.47089156850313	26.9457364212853	-0.019580636789299888
251.18864315095794	26.94980581141527	-0.06340940611760004
257.03957827688646	26.948007786153745	-0.011349731086817805
263.02679918953817	26.946428587642398	-0.02907798979497045
269.1534803926917	26.950019375233957	-0.020892867966992412
275.4228703338166	26.941961235591478	0.0029240560398351434
281.8382931264455	26.955572366942015	-0.06290311434646867
288.40315031266056	26.954899088450638	-0.05185125620795361
295.1209226666384	26.962612923222622	-0.06043997454546002
301.99517204020157	26.953657465497606	-0.07320942283764964
309.0295432513592	26.9470448460931	-0.054267318643248075
316.22776601683796	26.96028808926259	-0.030912872421737347
323.5936569296281	26.954532701098692	-0.04736907254803402
331.1311214825911	26.950202227874595	-0.08018882474864597
338.8441561392027	26.947163539012898	-0.032846934985030884
346.7368504525317	26.950073002913282	-0.06258704750475985
354.8133892335753	26.949622905510612	-0.09999289420319712
363.0780547701014	26.952299274895616	-0.06753348397951697
371.5352290971724	26.954002096131266	-0.03133540380346744
380.18939632056123	26.94323027968586	-0.08688146401348718
389.0451449942805	26.947124912885304	-0.1973062793057352
398.1071705534973	26.946897255671104	-0.07898598125051137
407.3802778041126	26.941218742414485	-0.10443017600895388
416.8693834703355	26.955153166158464	-0.047216920064983015
426.5795188015926	26.94749505644385	-0.04848555055676229
436.5158322401661	26.946905155364252	-0.048000945182678834
446.683592150963	26.946141648903463	-0.018770530122605322
457.0881896148752	26.950718074336883	-0.15713566146078506
467.73514128719813	26.948619959953906	-0.0756235157834908
478.6300923226385	26.952526718113774	-0.04499638654464633
489.7788193684461	26.948119535099245	-0.07041283934239573
501.1872336272725	26.948938387996755	-0.10000055818926512
512.8613839913648	26.947247365297294	-0.09252819850694038
524.8074602497722	26.94865351629181	-0.14480010110246155
537.0317963702527	26.95039729289875	-0.11658427513832237
549.5408738576248	26.94760420814997	-0.1040830184412016
562.3413251903492	26.951026187919776	-0.06742485362318362
575.4399373371566	26.95074348215318	-0.1605829154359295
588.8436553555889	26.94921315628219	-0.131348021172073
602.5595860743581	26.95527488655182	-0.10179840017976005
616.5950018614823	26.953881379936362	-0.10772282388024479
630.957344480193	26.944293403587846	-0.11695958390635042
645.6542290346556	26.949824617371338	-0.10264543109084912
660.6934480075957	26.953928953869877	-0.11996898205013906
676.0829753919819	26.949271692014424	-0.20835875211983534
691.8309709189363	26.952641777246917	-0.13526519869630893
707.945784384138	26.9495929803586	-0.1451255165876546
724.4359600749898	26.95507294930146	-0.12970299298373789
741.3102413009177	26.956926971580188	-0.09238644087253078
758.5775750291835	26.955357233735114	-0.1865767914868428
776.247116628692	26.94906714585062	-0.16104516401601643
794.3282347242813	26.949394728456916	-0.2063762503182076
812.8305161640994	26.951313262604913	-0.16082174655633708
831.7637711026708	26.941239676514073	-0.15676730388792093
851.1380382023768	26.95411123356188	-0.20555805623080303
870.9635899560805	26.956988502958595	-0.21719169624461898
891.2509381337459	26.945614160732525	-0.179560397494825
912.0108393559096	26.960693146365983	-0.21519296226558993
933.2543007969905	26.949004508530436	-0.17020424308867632
954.992586021436	26.95307559886375	-0.1847893609095035
977.2372209558112	26.954404672378956	-0.17779651628001147
1000	26.953741210889625	-0.1834077993332741
1023.2929922807535	26.955398158436985	-0.14969258261752927
1047.1285480508996	26.940489808032744	-0.15441065671309673
1071.519305237607	26.951440329285823	-0.17649104018859418
1096.4781961431852	26.939502238019788	-0.24597496153879206
1122.018454301963	26.950903702107503	-0.1205210607282865
1148.1536214968828	26.94816070483284	-0.2007017011718233
1174.8975549395304	26.94638101535354	-0.22891600855710337
1202.264434617413	26.937139349052227	-0.2109121739218125
1230.2687708123813	26.95126833543025	-0.18365808458726463
1258.9254117941675	26.93948796121031	-0.27977747307706125
1288.249551693135	26.95970235151637	-0.22864660435138262
1318.2567385564075	26.94846395389575	-0.24135062963799214
1348.9628825916532	26.955058090489654	-0.3602911007985483
1380.3842646028838	26.956795325470498	-0.2234542747697219
1412.537544622754	26.948566213109736	-0.1988257710427348
1445.439770745928	26.949389971399036	-0.2864649432190163
1479.1083881682073	26.95241596901722	-0.2680787887367728
1513.5612484362073	26.932025723452988	-0.15900239171884323
1548.816618912481	26.968090153072165	-0.22106478719199174
1584.893192461114	26.947134643716595	-0.28493732490166224
1621.8100973589296	26.95267783356865	-0.2550999937154046
1659.5869074375598	26.949836038979207	-0.3323580444281049
1698.2436524617442	26.951843330157974	-0.28787531029296076
1737.8008287493763	26.951043655239015	-0.24416162145615772
1778.2794100389228	26.946501622420364	-0.3355350435982132
1819.7008586099826	26.946263936917425	-0.37144123343827573
1862.0871366628676	26.945033916161133	-0.27473725328513865
1905.4607179632483	26.95285672295831	-0.4025483896025719
1949.8445997580457	26.958362637128985	-0.3577180048522024
1995.2623149688789	26.947499257042903	-0.441490299452056
2041.7379446695297	26.931365915721067	-0.3672720881207887
2089.2961308540407	26.9437307364976	-0.2965412829735641
2137.9620895022326	26.947363417888752	-0.26970064801774996
2187.761623949552	26.943641458785823	-0.426604127236601
2238.72113856834	26.93180043712337	-0.3905468653184272
2290.8676527677744	26.944908560826867	-0.4622936023729771
2344.2288153199224	26.94015293919915	-0.359018490267232
2398.83291901949	26.937621022020185	-0.40928918119718105
2454.7089156850284	26.94581571803004	-0.3777405290995546
2511.8864315095793	26.958165026067334	-0.4257099846484067
2570.3957827688646	26.946251085460435	-0.3551774110668475
2630.2679918953813	26.95887774417662	-0.43345806778683027
2691.534803926914	26.940772855835085	-0.3859132178309892
2754.228703338166	26.95230132384591	-0.49505474307284203
2818.382931264455	26.95718908183197	-0.5276893811457626
2884.0315031266055	26.953429374494995	-0.4909355171199863
2951.2092266663844	26.950746054607293	-0.48596424988892295
3019.9517204020162	26.95151666340933	-0.5104571766983526
3090.295432513592	26.94224309119243	-0.47503956690256643
3162.2776601683795	26.95192210923315	-0.5106550506468182
3235.936569296281	26.96151114608576	-0.5289713057402992
3311.311214825911	26.954814043469398	-0.5675045650580159
3388.4415613920273	26.955924378407808	-0.4574234139879394
3467.368504525317	26.951793885311297	-0.49781064475017445
3548.1338923357534	26.950505668400705	-0.5173011501543545
3630.780547701014	26.936763177420477	-0.6300653260943108
3715.352290971728	26.95694114353982	-0.5042609878992153
3801.8939632056126	26.93836611756034	-0.5644707472177544
3890.451449942805	26.9547920529886	-0.7661691605328684
3981.0717055349733	26.95123191543422	-0.6094965098117484
4073.8027780411303	26.932316677231178	-0.713286194309152
4168.693834703356	26.944784558503805	-0.7042131944882897
4265.795188015926	26.949483684243486	-0.7256690757259037
4365.158322401657	26.954817462069215	-0.7579194390904433
4466.835921509631	26.94866412151612	-0.6784125548354751
4570.881896148752	26.95461216435507	-0.6415518950086323
4677.351412871981	26.957600776979596	-0.7616342322936589
4786.30092322638	26.928623201921752	-0.7183874766414107
4897.788193684461	26.947159028308732	-0.7422038148254018
5011.872336272725	26.95071007868206	-0.8204764081082798
5128.613839913648	26.952631690045898	-0.8001581496737487
5248.0746024977225	26.96006128897254	-0.9664001510807054
5370.317963702527	26.95110315861934	-0.7439001384033475
5495.408738576248	26.93795468615201	-0.8116074768138617
5623.413251903491	26.94144315063773	-0.8917684471639831
5754.399373371567	26.934373097675604	-0.9514418329247576
5888.43655355589	26.935476773014525	-0.9041436624970061
6025.5958607435805	26.935412755110995	-0.9253784987162419
6165.9500186148225	26.93102761886398	-1.0371506435946092
6309.57344480193	26.94417683200283	-0.9983455274753084
6456.542290346556	26.935700767881645	-0.9849569508302736
6606.9344800759645	26.934100905607814	-0.9970676763168171
6760.829753919818	26.94900713790998	-0.9714464617611469
6918.309709189362	26.958554196280193	-0.9634540018560855
7079.45784384138	26.93041799266938	-1.042301198170918
7244.359600749906	26.92095164834631	-1.0596280814997456
7413.102413009176	26.93745567447952	-1.1163011199069288
7585.775750291836	26.933644466601688	-1.1443193465154877
7762.471166286911	26.93997850832012	-1.209658508469559
7943.282347242814	26.939276093114508	-1.2942947186892688
8128.305161640995	26.946653682002015	-1.28473903305089
8317.63771102671	26.93965422029155	-1.2610996098368616
8511.380382023759	26.932306077343835	-1.3206149068468473
8709.635899560804	26.928494691477724	-1.2919159736869403
8912.509381337459	26.938329845659318	-1.3168599387213078
9120.108393559096	26.935084082233793	-1.4327785616777602
9332.543007969905	26.932453272001517	-1.3981543853101357
9549.925860214358	26.919851234678795	-1.2922957125565375
9772.372209558112	26.928450709289592	-1.548645129041887
10000	26.921236423898197	-1.4950381685224272
10232.929922807536	26.929530135411547	-1.6249891722179512
10471.285480508996	26.94195222219172	-1.62770499600461
10715.19305237606	26.936824277211834	-1.507276064885012
10964.78196143185	26.904686296676378	-1.706083042341639
11220.18454301963	26.910976382816596	-1.7128455327525884
11481.53621496883	26.92927299982964	-1.6617106248709845
11748.97554939529	26.906194285811456	-1.703250403659112
12022.644346174131	26.937245469025864	-1.6530684364833519
12302.68770812381	26.952087978607917	-1.7126088183352337
12589.254117941675	26.918402557668845	-1.8408188392067046
12882.495516931336	26.927599642783626	-1.859430310851602
13182.567385564074	26.935573216526233	-1.8169788991562257
13489.628825916534	26.936293127722486	-2.051771197789975
13803.842646028852	26.937692546078885	-1.9724115322648004
14125.37544622754	26.921286918925066	-2.112089796707181
14454.397707459279	26.922166598213803	-2.0954929631583354
14791.08388168207	26.917603794318545	-2.229745248571645
15135.612484362087	26.908285869226876	-2.16911123197292
15488.166189124811	26.931375276017427	-2.1859650941923556
15848.93192461114	26.913148207035384	-2.349295624354596
16218.100973589299	26.926609478653365	-2.2363672863583446
16595.869074375612	26.909745216391528	-2.4305279606399495
16982.436524617442	26.9399454438445	-2.441409455831433
17378.00828749376	26.92090529130644	-2.588398050193504
17782.79410038923	26.914606980901308	-2.600315321341526
18197.008586099826	26.91852620603295	-2.7129814886468466
18620.871366628675	26.908441624468526	-2.600308383568926
19054.60717963246	26.92028864157834	-2.894700066175062
19498.445997580457	26.917083818615556	-2.7447366355663547
19952.62314968879	26.902091475625237	-2.819278855837581
20417.379446695293	26.89383444342559	-3.0010347298679108
20892.961308540387	26.902873691913562	-2.8988365488352485
21379.620895022326	26.924359681776405	-3.0519510113833803
21877.61623949552	26.924751853609855	-3.033058678894058
22387.2113856834	26.906437399066874	-3.361671044295349
22908.676527677722	26.90772723168761	-3.149886122892706
23442.288153199228	26.901674657384874	-3.459695514040945
23988.329190194898	26.9070073792472	-3.538424667737388
24547.08915685031	26.909101185154928	-3.3899227443933455
25118.864315095794	26.91409823086614	-3.710788309085805
25703.957827688646	26.90563740443551	-3.4788525109091104
26302.679918953814	26.918318850749486	-3.628990534922366
26915.348039269167	26.916425906129668	-3.9280865065467943
27542.28703338166	26.9153316942854	-4.000735800587478
28183.82931264455	26.910431097621228	-3.9117766167175603
28840.31503126606	26.921136948306305	-4.0432537050196515
29512.092266663873	26.876244819638014	-4.092210104618246
30199.51720402016	26.887275830434895	-4.391950927608889
30902.95432513592	26.89625678163553	-4.368503346880971
31622.776601683792	26.920155019348407	-4.36768102660389
32359.365692962812	26.910092790585058	-4.760996524832109
33113.11214825911	26.88242840084673	-4.557397731679259
33884.41561392024	26.912175493696488	-4.714484279644154
34673.685045253165	26.87907731410643	-4.617248302513929
35481.33892335753	26.898949213637202	-5.084963475486745
36307.80547701014	26.903846892192792	-5.140225762208388
37153.52290971724	26.91897451508207	-5.292390708564739
38018.93963205612	26.947650802630548	-5.314637099534252
38904.51449942805	26.93626146472934	-5.41495891419266
39810.717055349734	26.912699720543472	-5.634501032123627
40738.02778041126	26.924258845138706	-5.886229487868533
41686.938347033545	26.907073888091784	-5.742501495784072
42657.95188015926	26.882931363986245	-5.85822459589869
43651.58322401661	26.875457612196282	-6.236698499878003
44668.3592150963	26.861953250800443	-6.318278964859864
45708.81896148752	26.899432761180996	-6.731548524984213
46773.51412871981	26.89655623244876	-6.27056555462066
47863.00923226385	26.872267146128554	-6.520638683302593
48977.88193684462	26.845535027993627	-7.147998918990034
50118.72336272725	26.83421698023381	-7.273876452135831
51286.138399136486	26.863930331594958	-6.956083051068363
52480.746024977285	26.892492764411614	-7.332371557370038
53703.17963702527	26.870179757676127	-7.3790591720101855
54954.08738576248	26.84804823931998	-7.55866487737347
56234.13251903491	26.879076485943955	-7.676279298251984
57543.993733715666	26.854396529037523	-7.851457357160875
58884.3655355589	26.857400149121347	-8.239363070466254
60255.95860743574	26.850545861495604	-8.361557020133326
61659.50018614822	26.868056344593143	-8.472408850260763
63095.734448019306	26.86017651466959	-8.699091681946669
64565.422903465565	26.87931635340243	-9.114251973527473
66069.34480075957	26.83438843322641	-9.082102555582392
67608.29753919819	26.850625775063165	-9.225894539279892
69183.09709189364	26.85272154293102	-9.4276353473292
70794.5784384138	26.833589504044784	-9.80504203042328
72443.59600749899	26.794016598150424	-10.28077403652506
74131.02413009177	26.828649275429285	-10.134180174291828
75857.75750291836	26.831268108936452	-10.411756821382866
77624.71166286919	26.77212051649619	-10.160301244282493
79432.82347242814	26.848843757325966	-10.772311214198936
81283.05161640994	26.806293187390054	-11.192653305527983
83176.37711026709	26.84027275638776	-11.479710355852148
85113.80382023768	26.81747156535672	-11.698888966295119
87096.35899560805	26.830895681204634	-11.804456949347475
89125.0938133746	26.823622001858624	-12.102353646486671
91201.08393559097	26.799764200456742	-12.382522691931015
93325.43007969914	26.816400331446523	-12.88127146510135
95499.25860214359	26.79296039506044	-12.914309235863087
97723.7220955811	26.764013065405123	-13.315982941619161
100000	26.784540143836818	-13.660656431638046
102329.29922807537	26.78314161539921	-13.769696712380403
104712.85480508996	26.75760540352714	-14.520784615868948
107151.9305237606	26.77467720222289	-14.267543417847232
109647.8196143185	26.775585004965116	-15.12318800068828
112201.8454301963	26.774520467715828	-15.466708256626319
114815.3621496883	26.76351381933056	-15.502284612046523
117489.7554939529	26.77391433762648	-15.685525876011525
120226.44346174132	26.755922317438706	-16.24976743916475
123026.87708123811	26.784017835053575	-16.705296565118317
125892.54117941676	26.743817736535153	-17.133341210053587
128824.95516931335	26.742459392021583	-17.437513619941164
131825.67385564072	26.714101770701404	-18.230013789232657
134896.28825916533	26.744968482524506	-18.46868697461951
138038.42646028852	26.724778979238874	-18.735274081159574
141253.7544622754	26.70110350266477	-19.277817968952537
144543.97707459278	26.699347334771772	-19.33195651662308
147910.8388168207	26.69597059995176	-20.126187645003156
151356.12484362087	26.76326203074097	-20.416017786272434
154881.6618912481	26.694527170287348	-20.94796241530217
158489.31924611144	26.715353248573592	-21.499678138894012
162181.00973589296	26.733354459728076	-21.87098265924294
165958.69074375613	26.70675114965786	-22.259114072883165
169824.36524617442	26.662126095576223	-23.250811948605133
173780.08287493762	26.679120958288593	-23.763955703383147
177827.94100389228	26.6484382234961	-23.928297571016017
181970.08586099825	26.66881668550336	-24.334999429762092
186208.71366628676	26.646453499211553	-25.32245354186179
190546.07179632463	26.644320644032863	-25.662614938297054
194984.45997580455	26.63837597366551	-26.342093985224324
199526.2314968879	26.708988833467533	-27.02631828207558
204173.79446695297	26.500332653801383	-27.888308405180894
208929.61308540386	26.685682271093754	-28.757254817084487
213796.20895022326	26.850295940385326	-29.819888702541846
218776.16239495517	26.519754328625517	-31.477182521329894
223872.113856834	26.561029044263762	-28.90874370641893
229086.76527677724	26.8167785659746	-29.36044218153647
234422.8815319923	26.61586147028972	-30.27803805455295
239883.29190194898	26.146488283392944	-32.32065654204904
245470.8915685031	26.624475264606133	-31.418707744583912
251188.64315095797	26.597523658664425	-34.49649297756357
257039.57827688646	26.093717088972582	-36.25761255950785
263026.7991895381	26.206462710010257	-37.098451365239114
269153.4803926917	26.344350163723828	-37.45417389745427
275422.8703338166	26.548543832982396	-36.693605598381836
281838.2931264455	26.239722724096065	-38.063254792576934
288403.15031266055	26.350443362922785	-38.82360818646407
295120.9226666387	26.43017312385772	-40.57340282351445
301995.1720402016	26.29177985160116	-41.37333531850875
309029.54325135925	26.27365913871794	-42.387544960485556
316227.76601683797	26.188484691478926	-43.58412195320665
323593.6569296281	26.15656443153027	-44.11217179495093
331131.1214825911	26.163076588336974	-45.385319977070125
338844.15613920236	26.08785778370951	-46.3414657707463
346736.85045253165	26.026116585186365	-47.25183152185755
354813.3892335753	26.01118869033527	-48.66729107880647
363078.0547701014	25.945555504973186	-49.879376819090666
371535.2290971724	25.889219935767432	-50.990130100887576
380189.39632056124	25.871373858531996	-51.905123625879895
389045.1449942805	25.815991912480385	-53.018198968763386
398107.17055349733	25.738253013216813	-54.223954723504335
407380.27780411264	25.695910633227523	-55.25839341772231
416869.3834703355	25.6157201190358	-56.495819801083556
426579.5188015926	25.536670942636285	-58.048446568701365
436515.8322401661	25.473097277522783	-59.31435308276377
446683.592150963	25.386119348692034	-60.34283764912856
457088.1896148752	25.303339294854986	-61.83763049941167
467735.1412871981	25.241175779294295	-62.80723843822362
478630.09232263855	25.332464677159265	-64.27836500865473
489778.81936844613	24.812535131759805	-65.69448473947992
501187.2336272725	25.250947296893838	-67.87125265241718
512861.38399136486	24.903883576312857	-70.62473115289208
524807.4602497729	24.592920423466715	-70.51379370469688
537031.7963702526	24.697847595526778	-72.04361474357073
549540.8738576248	24.585797124905007	-73.07907055129523
562341.325190349	24.430680728850017	-74.68604877988973
575439.9373371566	24.32555099271431	-76.0417823800024
588843.655355589	24.218749246940845	-77.58027495032606
602559.5860743575	24.087238034237405	-79.24826222347504
616595.0018614822	23.959993269165242	-80.59877158870651
630957.344480193	23.819949098111888	-82.31575969714957
645654.2290346556	23.70009951556613	-83.8578001386112
660693.4480075957	23.544525552614598	-85.55587134192999
676082.9753919819	23.397183430470893	-87.06336975514523
691830.9709189363	23.24805478164057	-88.67487081264872
707945.7843841381	23.056854045887903	-90.37555489378065
724435.9600749899	22.92335305220254	-91.97671865485364
741310.2413009177	22.75182811094169	-93.48013970625543
758577.5750291835	22.562063047903056	-95.29135782994452
776247.1166286919	22.378106349388368	-97.19840216672998
794328.2347242814	22.202808062450472	-98.66338030700126
812830.5161640996	22.02825438319209	-100.44460202187003
831763.7711026708	21.82453351012351	-102.06584307523761
851138.0382023768	21.63922217311878	-103.80297640059581
870963.5899560805	21.425880690198124	-105.70841633679915
891250.9381337459	21.23484934084444	-107.22577028773331
912010.8393559096	21.028998433658344	-108.78538644427857
933254.3007969914	20.795431116797737	-110.69848821839456
954992.5860214359	20.59749280041796	-112.43137805803036
977237.2209558111	20.361672701194635	-114.2788341792942
1e+06	20.113130425690073	-115.91919752539097
