Frequency (Hz)	Channel 2 Magnitude (dB)	Channel 2 Phase (deg)
100	26.847730848144423	0.035968190451725945
102.32929922807536	26.84886132239818	-0.06667108075168926
104.71285480508996	26.830701952824995	0.06780540404861313
107.15193052376058	26.843432803173194	0.06263303967871003
109.64781961431852	26.83636717197428	-0.05205033898248246
112.2018454301963	26.849737864386412	-0.06936767441516167
114.8153621496883	26.84142658984969	-0.09185901586235445
117.48975549395291	26.842922114337696	0.027522152786389142
120.22644346174131	26.83660176922124	0.01144820762829113
123.02687708123811	26.839961071968247	-0.036335434921298315
125.89254117941674	26.85378431431047	0.009182562525765547
128.82495516931337	26.83890635284723	-0.030971593957826116
131.82567385564073	26.829375876112152	0.004298553226163904
134.89628825916535	26.835520954753772	-0.02127070025021993
138.03842646028852	26.832895348804804	-0.041870392772816345
141.2537544622754	26.82884542022353	-0.015196002532245956
144.5439770745928	26.836267807491062	-0.0615087336456952
147.91083881682073	26.836221224533496	-0.015688612471990382
151.35612484362088	26.839853523118663	-0.016296126735284133
154.88166189124811	26.8248793709301	-0.033320371725221065
158.48931924611142	26.82362472336575	-0.06247483436285961
162.18100973589299	26.83955718347267	-0.03986157204744245
165.95869074375616	26.83735963248541	-0.022846662430225706
169.82436524617444	26.836372965552442	-0.07330026523063538
173.78008287493762	26.833640726643857	-0.05174714390611257
177.82794100389228	26.83605382384092	-0.10547961312251175
181.97008586099827	26.837326836307813	0.01567029644785123
186.20871366628677	26.839602446139725	-0.03749663910996048
190.5460717963248	26.83108535891014	-0.025516112690667114
194.98445997580455	26.836966614804645	-0.048886656490864766
199.52623149688787	26.831259021121568	0.0188864238121198
204.17379446695296	26.836630925421453	-0.02347013739115056
208.92961308540387	26.831890005707244	-0.025895823230356996
213.79620895022325	26.825815539006786	0.022541780445976656
218.77616239495518	26.83306294864842	-0.06885173344898021
223.872113856834	26.836967461974183	-0.03457063495457646
229.08676527677724	26.83292417612419	0.01602738917761013
234.42288153199226	26.828303788565155	-0.01811870195672327
239.88329190194898	26.834970367659004	-0.028120050171764888
245.47089156850313	26.83574811815584	-0.05973341304949997
251.18864315095794	26.83996199840793	-0.06610009030187314
257.03957827688646	26.838636257056528	-0.059906768527014265
263.02679918953817	26.827232952379838	-0.0980944915603601
269.1534803926917	26.834201942696886	-0.1072759405670567
275.4228703338166	26.834816047601755	-0.09198103179241457
281.8382931264455	26.830559088423513	-0.024877808329144102
288.40315031266056	26.828067007866046	0.014435791189129077
295.1209226666384	26.834851223184334	-0.04434454802222376
301.99517204020157	26.834185393920485	-0.09266439929342596
309.0295432513592	26.823999246478152	-0.07379421641229555
316.22776601683796	26.84009174862362	-0.025708553058152006
323.5936569296281	26.837713684015398	-0.06606125877921443
331.1311214825911	26.836745520759123	-0.10916131388074746
338.8441561392027	26.830644749154512	-0.034603793586029497
346.7368504525317	26.82993585806242	-0.04990916249817445
354.8133892335753	26.82942203969602	-0.06089712583065676
363.0780547701014	26.831510073185882	-0.058685468754315906
371.5352290971724	26.82915873911969	-0.009524801682516681
380.18939632056123	26.840250018980754	-0.03907572716634178
389.0451449942805	26.830010750956003	-0.06758752992925565
398.1071705534973	26.834285427547982	-0.055216451441488346
407.3802778041126	26.834506853833496	-0.1217680435292472
416.8693834703355	26.834655481290262	-0.12538753017542348
426.5795188015926	26.82949060075654	-0.0813066057923777
436.5158322401661	26.82747472958379	-0.060100721011082214
446.683592150963	26.830489858794607	-0.047791360359440205
457.0881896148752	26.83843051273657	-0.07415957828546027
467.73514128719813	26.830872384361825	-0.09355765167808983
478.6300923226385	26.820012660245986	-0.13256970051664396
489.7788193684461	26.836759069778367	-0.016601902571565574
501.1872336272725	26.819596601921738	-0.05303023193033596
512.8613839913648	26.827275140744163	-0.03670181629473035
524.8074602497722	26.83998122779186	-0.09116189533202146
537.0317963702527	26.82985433173698	-0.18452512128704512
549.5408738576248	26.832962349226698	-0.11878432983903053
562.3413251903492	26.827913185757485	-0.12551672338852882
575.4399373371566	26.826145829659254	-0.15795342748177177
588.8436553555889	26.827103543772687	-0.14428345784435237
602.5595860743581	26.84407721286579	-0.16740634342587768
616.5950018614823	26.83561947186311	-0.15907149791928532
630.957344480193	26.830500566200843	-0.20067218977726498
645.6542290346556	26.82586160160273	-0.0741895452262753
660.6934480075957	26.829578039308704	-0.10210738663225527
676.0829753919819	26.83413123364349	-0.07799783716684772
691.8309709189363	26.836114413125223	-0.1669336003012507
707.945784384138	26.828242685417063	-0.10712780273074429
724.4359600749898	26.83416721495614	-0.17776054722692436
741.3102413009177	26.824993278055853	-0.11506429419495134
758.5775750291835	26.829250464612954	-0.10361093502822527
776.247116628692	26.822279633651917	-0.1870175921068551
794.3282347242813	26.829174769051896	-0.16883525097051688
812.8305161640994	26.82696323064401	-0.11085337015295238
831.7637711026708	26.8225081264352	-0.18181233376876094
851.1380382023768	26.825282742453354	-0.1276443095754871
870.9635899560805	26.82321783363824	-0.18848592535155717
891.2509381337459	26.81605198818694	-0.12403037204471445
912.0108393559096	26.820164765346057	-0.20139587655724966
933.2543007969905	26.825061440025294	-0.21929089115170086
954.992586021436	26.82809937755508	-0.19931793692782662
977.2372209558112	26.815830630765195	-0.1864330361064841
1000	26.82393324529196	-0.22142304426669313
1023.2929922807535	26.823993964819476	-0.20690624217051257
1047.1285480508996	26.8335740547565	-0.24947137308781464
1071.519305237607	26.81806155052348	-0.21465658490828332
1096.4781961431852	26.822507417367724	-0.21430829990097067
1122.018454301963	26.83092946345486	-0.22190673026004504
1148.1536214968828	26.82227893479267	-0.2509319214448773
1174.8975549395304	26.821653071679087	-0.20726042468169936
1202.264434617413	26.839769297411102	-0.21680302423218478
1230.2687708123813	26.82137251685893	-0.19696481513915387
1258.9254117941675	26.816077246979102	-0.24337079470600997
1288.249551693135	26.826951924986325	-0.21804066656304144
1318.2567385564075	26.824779012926157	-0.172942461887736
1348.9628825916532	26.834983582833875	-0.13895510555197887
1380.3842646028838	26.832705456077996	-0.26846392362064364
1412.537544622754	26.83664953867568	-0.18574953938214378
1445.439770745928	26.815831220098268	-0.30861647526691627
1479.1083881682073	26.82000414058344	-0.2198743112590762
1513.5612484362073	26.82185609002767	-0.32566490334781406
1548.816618912481	26.82931432475904	-0.34021131071536104
1584.893192461114	26.826399487574545	-0.22474077614836574
1621.8100973589296	26.814287274668214	-0.2467093168444734
1659.5869074375598	26.821776419184012	-0.36273425377986257
1698.2436524617442	26.81370273583573	-0.3781993647669992
1737.8008287493763	26.83144851898339	-0.26762567473706156
1778.2794100389228	26.82356932721685	-0.43480044987173017
1819.7008586099826	26.812184743872493	-0.32151174563944096
1862.0871366628676	26.83669249923462	-0.2249801873048085
1905.4607179632483	26.828165420879078	-0.29994714702966974
1949.8445997580457	26.836728456148798	-0.30796591819995456
1995.2623149688789	26.81591713410736	-0.3460282711537843
2041.7379446695297	26.81923653864315	-0.3599397982592336
2089.2961308540407	26.824587327665	-0.3385041920409151
2137.9620895022326	26.820687505682038	-0.48609625390120925
2187.761623949552	26.814419826090983	-0.4080885548124229
2238.72113856834	26.824867610443228	-0.44591171032070065
2290.8676527677744	26.816358970196006	-0.34340601514168156
2344.2288153199224	26.80695298962766	-0.43534639589793755
2398.83291901949	26.831701095434497	-0.49975749395881053
2454.7089156850284	26.809172361022302	-0.3877855296153143
2511.8864315095793	26.827117043391745	-0.43921523362038783
2570.3957827688646	26.829141681112585	-0.46271065853488835
2630.2679918953813	26.82368762890259	-0.45390135096386075
2691.534803926914	26.824566582635278	-0.4806609283118135
2754.228703338166	26.81849510016213	-0.4620370688073123
2818.382931264455	26.819370679903326	-0.4584380970209594
2884.0315031266055	26.80829530771169	-0.4318659919068466
2951.2092266663844	26.817151746115027	-0.4878534253070015
3019.9517204020162	26.822154359460974	-0.523294699463186
3090.295432513592	26.824071364692937	-0.5087542880104508
3162.2776601683795	26.826344022929494	-0.49750420469385404
3235.936569296281	26.830432797825804	-0.5551728723009148
3311.311214825911	26.82602678501524	-0.5033212282552313
3388.4415613920273	26.82042227513573	-0.5505443747758534
3467.368504525317	26.815124755534164	-0.6425811035874318
3548.1338923357534	26.814979596145243	-0.5427794159857058
3630.780547701014	26.807973897837087	-0.5965591601520401
3715.352290971728	26.812193439059	-0.6401288688142017
3801.8939632056126	26.818001445479705	-0.6090118231030388
3890.451449942805	26.81229007557416	-0.7111568658862808
3981.0717055349733	26.807465040223647	-0.6696647149109651
4073.8027780411303	26.8060542797719	-0.71554181320586
4168.693834703356	26.809098016795552	-0.5718248902385596
4265.795188015926	26.804571310677368	-0.7408373391797056
4365.158322401657	26.824239302270346	-0.7386569336777171
4466.835921509631	26.81045271767996	-0.7866074779753305
4570.881896148752	26.81507226977967	-0.8061124531924833
4677.351412871981	26.826621527220702	-0.7834028520519212
4786.30092322638	26.810983892737866	-0.7560705459043575
4897.788193684461	26.80128270397201	-0.7554997427162107
5011.872336272725	26.825769974474376	-0.8354170326717139
5128.613839913648	26.807219528698	-0.8034269405646199
5248.0746024977225	26.81538317997984	-0.8921732026855338
5370.317963702527	26.795919823171577	-0.8290890357099556
5495.408738576248	26.799007403151283	-0.8906590870685704
5623.413251903491	26.828352175520273	-0.8533350998758049
5754.399373371567	26.81692841393302	-0.7854011942955808
5888.43655355589	26.81475994329324	-0.8951650500725776
6025.5958607435805	26.819725768234118	-0.9991866660926974
6165.9500186148225	26.796995445785363	-0.9502779134628412
6309.57344480193	26.822702492126428	-1.0868985293234994
6456.542290346556	26.80980828199906	-1.0426866092054468
6606.9344800759645	26.811551534749047	-1.0203608736125886
6760.829753919818	26.809005649134857	-1.0037789782173263
6918.309709189362	26.80142216427363	-1.0276763945374654
7079.45784384138	26.799372561662565	-1.162487987891268
7244.359600749906	26.80801245031705	-1.0385002904267537
7413.102413009176	26.811649733217344	-1.005866933553655
7585.775750291836	26.800743864618333	-1.1060170387674475
7762.471166286911	26.7900987221357	-1.1338204080778524
7943.282347242814	26.807720937124557	-1.162115470527965
8128.305161640995	26.791117574706217	-1.2689876468587187
8317.63771102671	26.795380317948517	-1.2571786265521752
8511.380382023759	26.800064319732762	-1.476364213763702
8709.635899560804	26.8037243485329	-1.3623026569969028
8912.509381337459	26.790087313228923	-1.3216334844141215
9120.108393559096	26.787773446690352	-1.3547261146780727
9332.543007969905	26.79333550111027	-1.39398949929803
9549.925860214358	26.800124461058296	-1.2803131387241322
9772.372209558112	26.808378590372755	-1.44882359629284
10000	26.798373374205788	-1.4482850590360385
10232.929922807536	26.796772173089543	-1.5137195597736763
10471.285480508996	26.7915600260064	-1.5981675926479824
10715.19305237606	26.804845574698945	-1.5410591348709417
10964.78196143185	26.831369738561378	-1.5404408626026154
11220.18454301963	26.792848981852345	-1.6461849884247828
11481.53621496883	26.784896639801588	-1.7092180971981534
11748.97554939529	26.784992557870694	-1.691021338351561
12022.644346174131	26.807671906774388	-1.8470264003235002
12302.68770812381	26.786052107791967	-1.8414007079839223
12589.254117941675	26.788948909599522	-1.9580785040633941
12882.495516931336	26.808346128609873	-1.8089006587885308
13182.567385564074	26.808189030074562	-1.8890078617004633
13489.628825916534	26.791682038112757	-1.7814243960170018
13803.842646028852	26.7890813069381	-1.9125764945066042
14125.37544622754	26.796230562182703	-2.059262090832732
14454.397707459279	26.801242030627243	-2.056643691736383
14791.08388168207	26.78732064919477	-2.1359769468159726
15135.612484362087	26.78824200404227	-2.1952041430376
15488.166189124811	26.81265102321162	-2.102029039450997
15848.93192461114	26.783957297655036	-2.163007332023824
16218.100973589299	26.785627924291813	-2.3458338555884666
16595.869074375612	26.79786178402972	-2.4636001518510042
16982.436524617442	26.78414670978914	-2.3972664400686554
17378.00828749376	26.79381544130956	-2.4759663063083224
17782.79410038923	26.790600252963834	-2.6247168766616262
18197.008586099826	26.766284745789925	-2.5484833431600435
18620.871366628675	26.79366201569617	-2.720702650560426
19054.60717963246	26.791267688270047	-2.733768155665885
19498.445997580457	26.772675602604465	-2.879844570998614
19952.62314968879	26.746701866690547	-2.765665032674086
20417.379446695293	26.809390809342773	-2.9880425519420015
20892.961308540387	26.774531081367368	-3.0785871775524356
21379.620895022326	26.79914499755471	-3.008450882614639
21877.61623949552	26.79092540188924	-3.014481114214007
22387.2113856834	26.763463020162	-3.0579513202147055
22908.676527677722	26.798008398215952	-3.250348795082978
23442.288153199228	26.752682447536486	-3.3084176606271285
23988.329190194898	26.769676237920894	-3.26220880735044
24547.08915685031	26.776101082232344	-3.4305126022221515
25118.864315095794	26.772991938628824	-3.5712160291270436
25703.957827688646	26.76558362938705	-3.732125291430677
26302.679918953814	26.78104026765727	-3.866865038629129
26915.348039269167	26.768535073873608	-3.6184436138219667
27542.28703338166	26.767929034000893	-3.789577670133056
28183.82931264455	26.795435586781	-3.9291120357725333
28840.31503126606	26.776585521458465	-3.850135296008716
29512.092266663873	26.763703557110922	-4.115241984577722
30199.51720402016	26.786050946154557	-4.092952199670265
30902.95432513592	26.780688493083012	-4.114657688369398
31622.776601683792	26.768096693188287	-4.509216276379362
32359.365692962812	26.758319214351673	-4.362138771881746
33113.11214825911	26.768804700889973	-4.594220474974328
33884.41561392024	26.757814789575196	-4.665794515693719
34673.685045253165	26.75849208564135	-4.856741850363527
35481.33892335753	26.785265777532736	-4.824013002533306
36307.80547701014	26.778827624907727	-4.865611047200231
37153.52290971724	26.77561633735817	-5.396609397625781
38018.93963205612	26.814844860255576	-5.390907549062064
38904.51449942805	26.774256524877963	-5.28259463577939
39810.717055349734	26.758941050694773	-5.566304109690634
40738.02778041126	26.747925169726052	-5.746064018725548
41686.938347033545	26.74713630738914	-5.642150253169817
42657.95188015926	26.727915385970196	-6.096816352562193
43651.58322401661	26.757520913057604	-5.955514183527498
44668.3592150963	26.755715286399585	-6.109603666375271
45708.81896148752	26.779026522001136	-6.192502992371828
46773.51412871981	26.735498320004	-6.8069848259460315
47863.00923226385	26.714861934402503	-6.605370717446931
48977.88193684462	26.758212265373643	-6.570697331157163
50118.72336272725	26.727007624159455	-7.193026847985237
51286.138399136486	26.732452369831115	-6.700504029640598
52480.746024977285	26.71037918302465	-7.363788172621895
53703.17963702527	26.70375049610259	-7.581439502585333
54954.08738576248	26.763337822608936	-7.411003969201815
56234.13251903491	26.698874588368536	-7.913968154521541
57543.993733715666	26.772784673828745	-7.872270646095785
58884.3655355589	26.717859751711764	-8.27233261816528
60255.95860743574	26.750896365076336	-8.223408308096879
61659.50018614822	26.726811652282358	-8.438295012138127
63095.734448019306	26.714218325112434	-8.539271154273116
64565.422903465565	26.723736540011842	-8.894091730367421
66069.34480075957	26.677903941366566	-9.078133104729659
67608.29753919819	26.65677307383707	-9.662853738539042
69183.09709189364	26.681475593392882	-9.443534924762762
70794.5784384138	26.695523365707132	-9.46566204430755
72443.59600749899	26.69116270781152	-10.1058610472993
74131.02413009177	26.678965298756626	-10.010704419629818
75857.75750291836	26.691751868330233	-10.210556053732418
77624.71166286919	26.706895767263426	-10.604401150687423
79432.82347242814	26.709678362006727	-10.923946427716757
81283.05161640994	26.707523571030872	-10.830094907678102
83176.37711026709	26.695546079912237	-11.285038193087388
85113.80382023768	26.6718529438632	-11.258465884376847
87096.35899560805	26.68446761535057	-11.700678888352925
89125.0938133746	26.70020812985259	-11.841907923412066
91201.08393559097	26.673581717630185	-12.466685768176461
93325.43007969914	26.640836883365328	-12.379673483385233
95499.25860214359	26.73072551694691	-12.70563423070815
97723.7220955811	26.693141408235654	-13.037732264718677
100000	26.6277525767992	-13.374333711309745
102329.29922807537	26.65929494895543	-13.854660317878196
104712.85480508996	26.643724226160703	-14.107310233892548
107151.9305237606	26.637117644215262	-14.172683789183889
109647.8196143185	26.672098386929186	-14.86364658875057
112201.8454301963	26.637449107143194	-15.426871475603164
114815.3621496883	26.65403866519089	-15.250154016771035
117489.7554939529	26.653330164494612	-15.979825958733883
120226.44346174132	26.5808522881404	-15.985354898460017
123026.87708123811	26.687301862603817	-16.723097134989843
125892.54117941676	26.573323283853433	-17.064464709380772
128824.95516931335	26.57676586464532	-17.576326983655832
131825.67385564072	26.648091758988933	-17.72323086144054
134896.28825916533	26.64175973563281	-18.076347366079872
138038.42646028852	26.660944743499883	-18.54716408065666
141253.7544622754	26.58040106810221	-18.757417730044224
144543.97707459278	26.63578588361115	-19.494562360457905
147910.8388168207	26.582401053659773	-19.67082024595966
151356.12484362087	26.566968626568958	-20.264644226736834
154881.6618912481	26.60840159188952	-20.87068229074879
158489.31924611144	26.54096783168866	-21.391417270669606
162181.00973589296	26.59614532456853	-21.85833046662562
165958.69074375613	26.616784892731843	-22.28717961806415
169824.36524617442	26.556810482370047	-22.50953429845994
173780.08287493762	26.56164397639119	-23.394400403746353
177827.94100389228	26.587541507021474	-24.053102599345067
181970.08586099825	26.544033457289874	-24.540987211568535
186208.71366628676	26.53742622603589	-25.189304444261914
190546.07179632463	26.566240575269862	-25.681396198499712
194984.45997580455	26.547600630503002	-26.2203940779587
199526.2314968879	26.4998929783533	-26.80000830300238
204173.79446695297	26.52076843511958	-27.35240666950468
208929.61308540386	26.538735194265996	-28.196555135796306
213796.20895022326	26.56321268117992	-28.814013661343353
218776.16239495517	26.508347715014466	-29.333928051676597
223872.113856834	26.50900473757346	-30.312890608131745
229086.76527677724	26.5038368266144	-30.53598929378532
234422.8815319923	26.484417599937977	-31.55435739250774
239883.29190194898	26.647608980606737	-31.945433167637177
245470.8915685031	26.51405760975866	-32.7254887927311
251188.64315095797	26.460090544897007	-33.81179285793987
257039.57827688646	26.44335991824225	-35.25023551775955
263026.7991895381	26.54555662628724	-36.11806924226661
269153.4803926917	26.36302675008551	-36.71306014278752
275422.8703338166	26.282734002878495	-37.69062547252555
281838.2931264455	26.372397028379083	-38.92436568663709
288403.15031266055	26.334211196366297	-39.169490943060566
295120.9226666387	26.39441454059253	-39.768338222035226
301995.1720402016	26.0077818053582	-41.94944803982894
309029.54325135925	26.076201246888246	-42.81217216371917
316227.76601683797	26.209468837289876	-43.952568974458195
323593.6569296281	25.87671830981247	-44.58529970308118
331131.1214825911	26.196834190277485	-45.33835314844714
338844.15613920236	26.027623030034036	-46.28597489050857
346736.85045253165	26.00395191997425	-47.30339919688004
354813.3892335753	26.028387034224387	-48.530280599237756
363078.0547701014	25.897450441734566	-49.60098936445882
371535.2290971724	25.8734634557269	-50.38737855731489
380189.39632056124	25.777197622949657	-51.864331238403764
389045.1449942805	25.735727849381117	-53.01727669439069
398107.17055349733	25.708609290949113	-54.34523379475693
407380.27780411264	25.600797188561202	-55.29852715062033
416869.3834703355	25.557140772881578	-56.95958141699746
426579.5188015926	25.489379169340904	-58.028037582424304
436515.8322401661	25.44456022020298	-59.14353242961407
446683.592150963	25.344304260665048	-60.51727222135219
457088.1896148752	25.282536680661902	-61.9146102333645
467735.1412871981	25.167335172038303	-63.54145138712815
478630.09232263855	25.095174189192196	-64.96047298187287
489778.81936844613	25.075682165556216	-66.20018912064825
501187.2336272725	24.979625211971317	-67.55016314914573
512861.38399136486	24.860712156829553	-69.19266641058618
524807.4602497729	24.746026451649907	-70.40697089302135
537031.7963702526	24.61335326102521	-71.77690853903273
549540.8738576248	24.540614829029984	-73.32727202984893
562341.325190349	24.427936189748497	-74.97123116420289
575439.9373371566	24.29743455376119	-76.41451471000849
588843.655355589	24.194809568931035	-77.60797369810234
602559.5860743575	24.040795878213338	-79.49783459295462
616595.0018614822	23.899321884481832	-81.11166057161358
630957.344480193	23.763574733880933	-82.53368598754307
645654.2290346556	23.630011523234806	-84.45914416850027
660693.4480075957	23.49273672632642	-85.8298568091102
676082.9753919819	23.32219059089801	-87.61622211365929
691830.9709189363	23.19987254092492	-89.2964287458568
707945.7843841381	23.037398399947246	-91.13214100689873
724435.9600749899	22.851020234364047	-92.49791390090826
741310.2413009177	22.711227783961895	-94.25922143214062
758577.5750291835	22.507994087528026	-96.03467004545524
776247.1166286919	22.34892146505793	-97.72915755774375
794328.2347242814	22.184421522559138	-99.64003487111577
812830.5161640996	21.966801316765284	-101.09686199427024
831763.7711026708	21.77266174477659	-102.77266780156314
851138.0382023768	21.581767134601076	-104.52424902623301
870963.5899560805	21.356128266847843	-106.35035320182507
891250.9381337459	21.22035129480528	-108.29283127363793
912010.8393559096	20.92139818071423	-109.79197098480114
933254.3007969914	20.717116692293096	-111.80196922654908
954992.5860214359	20.48564254930851	-113.42584048488743
977237.2209558111	20.250476975211473	-115.31563820171765
1e+06	20.04053674412633	-116.86911219043873
