Frequency (Hz)	Channel 2 Magnitude (dB)	Channel 2 Phase (deg)
100	26.84790090467374	0.023506466471985732
102.32929922807536	26.836308732144182	-0.11891641055977686
104.71285480508996	26.83825345543207	0.10753216526853748
107.15193052376058	26.837061488825537	0.11635951583699011
109.64781961431852	26.82476548286573	-0.16500019756918505
112.2018454301963	26.84310143590466	-0.046446311577348354
114.8153621496883	26.820583098821224	-0.13723685481693337
117.48975549395291	26.826556356625332	0.01392960283826028
120.22644346174131	26.836753716788458	0.06756228529167174
123.02687708123811	26.823983112665516	-0.01778241152626947
125.89254117941674	26.819927738795442	0.016181571135490458
128.82495516931337	26.825831223625034	-0.05541274011842745
131.82567385564073	26.81984323052771	-0.004783059517059485
134.89628825916535	26.822492036603336	0.017111485152241812
138.03842646028852	26.82489001739758	0.03931865422862302
141.2537544622754	26.82551539438446	0.021654658923299763
144.5439770745928	26.836512195272334	-0.014255023461743122
147.91083881682073	26.821090382947187	0.005681235157908304
151.35612484362088	26.819560907255863	-0.014428730676989687
154.88166189124811	26.830080894415204	-0.016241633354979967
158.48931924611142	26.820812163609563	-0.045304877078338635
162.18100973589299	26.826977053716096	-0.042663997739666115
165.95869074375616	26.826660408927687	-0.029646256159708173
169.82436524617444	26.82314203195277	-0.050540836881793894
173.78008287493762	26.824459259948448	0.025059076675262304
177.82794100389228	26.82095147016597	-0.07492149341786103
181.97008586099827	26.824921518948145	0.013410165623099601
186.20871366628677	26.835904679753916	-0.0903019502754745
190.5460717963248	26.836364917877845	0.062163104307899175
194.98445997580455	26.83290090239526	-0.03313648190828644
199.52623149688787	26.826278279625555	-0.008164755033760684
204.17379446695296	26.8374709845919	-0.010029925286701769
208.92961308540387	26.810652721484924	0.07315655219702677
213.79620895022325	26.82296052141794	0.0027099286879916917
218.77616239495518	26.82738405083624	-0.11137973198126616
223.872113856834	26.823257971235513	-0.14108256312667322
229.08676527677724	26.82140674811048	-0.04069391359524843
234.42288153199226	26.81183341332921	-0.03162741453499507
239.88329190194898	26.830147945033232	-0.11282978536917199
245.47089156850313	26.83326274920024	0.018079469713413232
251.18864315095794	26.83032837893002	-0.037700657962517425
257.03957827688646	26.83528485944857	-0.04779185620932935
263.02679918953817	26.824037570122844	-0.01252621922498065
269.1534803926917	26.823035589659113	-0.11358386250923047
275.4228703338166	26.828651997407917	-0.07911404317779613
281.8382931264455	26.82289568576701	-0.059806985126527934
288.40315031266056	26.83594102981026	-0.1443788164002484
295.1209226666384	26.82051997081901	-0.034921029336857146
301.99517204020157	26.828805557589046	-0.05349895633727897
309.0295432513592	26.827927347733738	-0.046203890147324955
316.22776601683796	26.823030716950313	-0.036634614585011605
323.5936569296281	26.820392577479936	-0.005115227876117956
331.1311214825911	26.826929815944457	-0.05968448565506179
338.8441561392027	26.82297174217488	-0.07751907075405029
346.7368504525317	26.819084051475524	-0.07357776813737615
354.8133892335753	26.821857951566468	-0.12038086921281987
363.0780547701014	26.823902669799526	-0.09190205843221122
371.5352290971724	26.827972377751554	-0.11842744064168187
380.18939632056123	26.8301709775354	-0.06201689278511324
389.0451449942805	26.820380964011683	-0.09969291828895166
398.1071705534973	26.809707858401104	-0.12778677776518066
407.3802778041126	26.827548922747457	-0.10641688453682008
416.8693834703355	26.82789681575628	-0.044748857409572906
426.5795188015926	26.823589451172637	-0.12247996869129452
436.5158322401661	26.817720684732123	-0.1025030797468034
446.683592150963	26.826746786698514	-0.11822667370215711
457.0881896148752	26.82992681519906	-0.04430725313869743
467.73514128719813	26.82061900416915	-0.08033136486770331
478.6300923226385	26.824420458961548	-0.09038191751674063
489.7788193684461	26.823783906756745	-0.08970120416358895
501.1872336272725	26.820914009962653	-0.07721323332785346
512.8613839913648	26.832598896583455	-0.06225946468333632
524.8074602497722	26.827952880578568	-0.0776505398300742
537.0317963702527	26.826734462262127	-0.10169859118443725
549.5408738576248	26.82703495367977	-0.1231764542271705
562.3413251903492	26.824498115378105	-0.12249498385152435
575.4399373371566	26.83069002653105	-0.07641413241670136
588.8436553555889	26.823491743314687	-0.08821626303053165
602.5595860743581	26.82508880111873	-0.0673610612400779
616.5950018614823	26.829378483663817	-0.06314003777067967
630.957344480193	26.820038870584852	-0.16623512276063934
645.6542290346556	26.829406754614027	-0.059265589369280836
660.6934480075957	26.814705558103423	-0.08060456468771804
676.0829753919819	26.81500605792174	-0.13043434555530098
691.8309709189363	26.817230049991593	-0.11691636405612371
707.945784384138	26.814456072453872	-0.1509962945383876
724.4359600749898	26.821992763621843	-0.19773467369644493
741.3102413009177	26.81779420567112	-0.15810288615743673
758.5775750291835	26.817158679883725	-0.0621880557305019
776.247116628692	26.811883629264194	-0.1491030750677922
794.3282347242813	26.820255909307903	-0.15154975405050664
812.8305161640994	26.824117491566824	-0.16466416079288848
831.7637711026708	26.820114204601833	-0.16016543042246667
851.1380382023768	26.822707578783035	-0.06758354870197714
870.9635899560805	26.828594150517414	-0.15907358052402287
891.2509381337459	26.81888793164353	-0.24841675168984523
912.0108393559096	26.813317308942576	-0.1820291453248828
933.2543007969905	26.814685308343368	-0.07687476763381085
954.992586021436	26.817709615973804	-0.13056061258636475
977.2372209558112	26.824947796733134	-0.14494918249411626
1000	26.820457690234704	-0.16264812033639942
1023.2929922807535	26.813143968613822	-0.21657197133733064
1047.1285480508996	26.820832598933357	-0.21395472786272052
1071.519305237607	26.809063995484674	-0.17856582485961248
1096.4781961431852	26.817988022088297	-0.21553382027570933
1122.018454301963	26.813625890238328	-0.25608529961833426
1148.1536214968828	26.823206414981765	-0.27735085217540245
1174.8975549395304	26.824830345068733	-0.17814915167983258
1202.264434617413	26.834104633758457	-0.1698843960226526
1230.2687708123813	26.810144822972475	-0.17525912099918628
1258.9254117941675	26.82258282860429	-0.18925826092624476
1288.249551693135	26.8029014468201	-0.20032516502418218
1318.2567385564075	26.824572700850094	-0.21232758653873418
1348.9628825916532	26.820131153548793	-0.32092075740311543
1380.3842646028838	26.817528233024493	-0.26141057106754406
1412.537544622754	26.822522601602003	-0.16459651964274258
1445.439770745928	26.811944959845192	-0.19393694093963632
1479.1083881682073	26.80038355689064	-0.30283140368212
1513.5612484362073	26.83358521463997	-0.24506502876559466
1548.816618912481	26.82578122672249	-0.3217333244282585
1584.893192461114	26.829988785041714	-0.25022870965733546
1621.8100973589296	26.82036211309374	-0.22784553735600355
1659.5869074375598	26.82569530112596	-0.30205923947508495
1698.2436524617442	26.811876593070025	-0.2974443467346646
1737.8008287493763	26.827407053250422	-0.3079445316710476
1778.2794100389228	26.813826030378497	-0.3277044286607236
1819.7008586099826	26.81035362480989	-0.313151831249769
1862.0871366628676	26.83274784748869	-0.31422344354004395
1905.4607179632483	26.814696912200024	-0.31882833730171
1949.8445997580457	26.816106932341427	-0.31087627379237404
1995.2623149688789	26.805115845343156	-0.3282108942065065
2041.7379446695297	26.818888145976317	-0.4532874098939459
2089.2961308540407	26.808436853226254	-0.4377531116978943
2137.9620895022326	26.822494316782723	-0.40621961560279374
2187.761623949552	26.825414322963134	-0.33069607514086385
2238.72113856834	26.81804432568065	-0.40840450548914475
2290.8676527677744	26.82698544271881	-0.48227993784141177
2344.2288153199224	26.81162425385677	-0.33501759338909665
2398.83291901949	26.815160467620256	-0.45627230370009286
2454.7089156850284	26.823223617030916	-0.4330931047713875
2511.8864315095793	26.832159319031106	-0.3495075748102252
2570.3957827688646	26.80076282782101	-0.44087916214492395
2630.2679918953813	26.827225045836624	-0.4670996275243482
2691.534803926914	26.824269779179293	-0.3599353871841231
2754.228703338166	26.802869544161545	-0.3961240476760679
2818.382931264455	26.80699783397888	-0.5409173538539562
2884.0315031266055	26.80970170024977	-0.4562781007721597
2951.2092266663844	26.804665304992632	-0.5606737545116403
3019.9517204020162	26.812709642600648	-0.4626336197525944
3090.295432513592	26.809744095941433	-0.46388864676593755
3162.2776601683795	26.817181302708562	-0.45984885339234083
3235.936569296281	26.80094990989399	-0.5517702509204412
3311.311214825911	26.826982674295017	-0.6667012458168529
3388.4415613920273	26.828114313046978	-0.5207811520371592
3467.368504525317	26.799161340155063	-0.5543108826416585
3548.1338923357534	26.80671152659473	-0.5972927021659871
3630.780547701014	26.804235245452823	-0.692646561352035
3715.352290971728	26.82136891522717	-0.6451353295615263
3801.8939632056126	26.80788692734419	-0.5942873479763716
3890.451449942805	26.81827071755595	-0.6691019002304595
3981.0717055349733	26.813277992802895	-0.7090486056561502
4073.8027780411303	26.81985845441421	-0.7191432766064274
4168.693834703356	26.80800111686045	-0.6084391891471768
4265.795188015926	26.802732712708497	-0.6828518423731822
4365.158322401657	26.807733507103727	-0.6521626319893841
4466.835921509631	26.792361523691262	-0.7802529910489113
4570.881896148752	26.798690744225055	-0.8421996876826512
4677.351412871981	26.808290540551404	-0.7476882048430014
4786.30092322638	26.80630300981029	-0.759219432898874
4897.788193684461	26.80723235130817	-0.7070562106564324
5011.872336272725	26.818236975984597	-0.7227775356777357
5128.613839913648	26.820897924482402	-0.7839798159984923
5248.0746024977225	26.81966768993593	-0.8673372631092953
5370.317963702527	26.81550839440299	-0.8780930408715761
5495.408738576248	26.798184453238235	-0.9052463293746484
5623.413251903491	26.81899094935057	-1.0168167961184906
5754.399373371567	26.8053589004679	-0.9392301555466673
5888.43655355589	26.799344178119313	-0.9458381387709949
6025.5958607435805	26.819813923048752	-0.7653040772138908
6165.9500186148225	26.784847275617597	-0.9632802154795286
6309.57344480193	26.802055320693817	-0.8574688748615094
6456.542290346556	26.815599078975325	-0.8717582306359759
6606.9344800759645	26.803480027543785	-1.0451738410741402
6760.829753919818	26.809121539595743	-0.9934246740107824
6918.309709189362	26.811198130664245	-1.1337879383706877
7079.45784384138	26.795636434965957	-1.1504971820573502
7244.359600749906	26.796693384320513	-1.15458617268159
7413.102413009176	26.82506992579437	-1.2205038752125859
7585.775750291836	26.806213945613585	-1.2142188985514082
7762.471166286911	26.79630793405131	-1.2102336520396761
7943.282347242814	26.79634758524344	-1.2641996563559843
8128.305161640995	26.789215294434587	-1.2819654361377104
8317.63771102671	26.790014129008824	-1.194772257873467
8511.380382023759	26.783817441597808	-1.4093435129702954
8709.635899560804	26.793822847666373	-1.2864137829580107
8912.509381337459	26.784683136240396	-1.3624560757510835
9120.108393559096	26.777377098704257	-1.2291824076891658
9332.543007969905	26.76520533033471	-1.3864812789268086
9549.925860214358	26.77812033929762	-1.547403235401248
9772.372209558112	26.792098207554815	-1.334666214647096
10000	26.796095743004326	-1.5862556836284014
10232.929922807536	26.80315746064084	-1.479263398186717
10471.285480508996	26.788241530477407	-1.616656003475164
10715.19305237606	26.784909865783817	-1.4846273693989076
10964.78196143185	26.77138396273274	-1.485021599816747
11220.18454301963	26.785792228047143	-1.6014224142915907
11481.53621496883	26.778207480841616	-1.5998395022848655
11748.97554939529	26.787242612384073	-1.6829763975537304
12022.644346174131	26.797925558072944	-1.7303765757374947
12302.68770812381	26.78395925199975	-1.7889224367754082
12589.254117941675	26.806484175920314	-1.9342921915038147
12882.495516931336	26.798800996775416	-1.861008212670626
13182.567385564074	26.801981104512084	-1.858777224570094
13489.628825916534	26.80136570764454	-1.9983392176361363
13803.842646028852	26.779254942917248	-2.0334824286274227
14125.37544622754	26.78484460051271	-2.0304273902274588
14454.397707459279	26.769562938662034	-2.1208324492277697
14791.08388168207	26.780853378878785	-2.220580293437763
15135.612484362087	26.799130577460886	-2.197462257009736
15488.166189124811	26.782552742786976	-2.2437159314313107
15848.93192461114	26.769301090403772	-2.299519353850826
16218.100973589299	26.78628797486441	-2.458115638757164
16595.869074375612	26.771871513104205	-2.431516802040818
16982.436524617442	26.807856018742623	-2.439708878715109
17378.00828749376	26.78387267728601	-2.347570192580802
17782.79410038923	26.778294987340566	-2.6561047990136046
18197.008586099826	26.7764671469551	-2.7820515651449114
18620.871366628675	26.772731104652266	-2.782816392444147
19054.60717963246	26.769182507957872	-2.6888734997026233
19498.445997580457	26.814105117178745	-2.788733088343946
19952.62314968879	26.780064701384955	-2.7921041525794834
20417.379446695293	26.792908961961604	-2.7972765356802682
20892.961308540387	26.793274582644443	-2.7058850886308505
21379.620895022326	26.82544752533441	-2.9916629672770476
21877.61623949552	26.776679256652884	-3.0649880832255576
22387.2113856834	26.793857738662048	-3.0014852385496624
22908.676527677722	26.7800165414993	-3.1648742133615997
23442.288153199228	26.761120177258483	-3.265078697468173
23988.329190194898	26.798586068013243	-3.4181267505911617
24547.08915685031	26.74181788320223	-3.5359808357643203
25118.864315095794	26.76445380144108	-3.637181752077538
25703.957827688646	26.760098388195644	-3.5964792602320514
26302.679918953814	26.754949309742745	-3.659264467957474
26915.348039269167	26.769805356841204	-3.751677161370907
27542.28703338166	26.74906538062105	-3.871104456002044
28183.82931264455	26.77632281486257	-3.7190102818425377
28840.31503126606	26.75188682217399	-4.1025854630638605
29512.092266663873	26.78910017969702	-4.064799338334268
30199.51720402016	26.757245642913844	-4.309882617442469
30902.95432513592	26.758718442140506	-4.4233470439615274
31622.776601683792	26.75877740713254	-4.278077531143069
32359.365692962812	26.789340542906288	-4.267730367250099
33113.11214825911	26.756315676841908	-4.56753462545764
33884.41561392024	26.77837199204462	-4.915126685538979
34673.685045253165	26.776771512580552	-4.841354540247906
35481.33892335753	26.773468036180518	-4.851889878812813
36307.80547701014	26.759526935537913	-4.988660131955754
37153.52290971724	26.76520409448093	-5.129469354206783
38018.93963205612	26.754302196791055	-5.108470177405536
38904.51449942805	26.753107408928727	-5.516547281672388
39810.717055349734	26.778732926153552	-5.620177886020542
40738.02778041126	26.755289351454575	-5.7529548918360405
41686.938347033545	26.769841364204083	-5.7937598865761295
42657.95188015926	26.75526157198948	-5.822056932585994
43651.58322401661	26.77352109145765	-6.150506459334942
44668.3592150963	26.727933903822787	-6.303146844735288
45708.81896148752	26.739992782196826	-6.119445343148634
46773.51412871981	26.720071809221633	-6.489968750421616
47863.00923226385	26.706981122449122	-6.80749393135244
48977.88193684462	26.658357342508033	-6.827009845613333
50118.72336272725	26.742284268179542	-7.126198091856054
51286.138399136486	26.73349898146396	-7.096055802459674
52480.746024977285	26.75906937874695	-7.051296192693897
53703.17963702527	26.768511613364183	-7.405469509898332
54954.08738576248	26.768771400108037	-7.897490474326048
56234.13251903491	26.747403588256027	-7.9814344713093135
57543.993733715666	26.689436278297517	-7.735734472420944
58884.3655355589	26.72436121311906	-8.066568756475782
60255.95860743574	26.716971562997628	-8.405181874737703
61659.50018614822	26.697350357793876	-8.29813176352593
63095.734448019306	26.698831579955517	-8.615213137557951
64565.422903465565	26.71090622293503	-8.63960107050741
66069.34480075957	26.67667506072977	-8.7524776986577
67608.29753919819	26.6556079604096	-9.440813080562833
69183.09709189364	26.714573404855567	-9.646348259357147
70794.5784384138	26.704625228025524	-9.586045659146308
72443.59600749899	26.67451960162714	-9.89950710731548
74131.02413009177	26.672811386285836	-10.186423443998962
75857.75750291836	26.666827545283	-10.010815606539751
77624.71166286919	26.69087535065289	-10.626551874235034
79432.82347242814	26.705901333450317	-10.52763136136339
81283.05161640994	26.701695847946333	-10.987871065646203
83176.37711026709	26.667820619605877	-11.364523561178316
85113.80382023768	26.70153917270159	-11.468331259249581
87096.35899560805	26.711704704064275	-11.997505203465153
89125.0938133746	26.69556543650721	-11.934552835026457
91201.08393559097	26.680963518267546	-12.314648359654484
93325.43007969914	26.67640284614645	-12.658929841885545
95499.25860214359	26.677726840973754	-12.996026439544323
97723.7220955811	26.645578280657478	-12.992514502978935
100000	26.631577657083728	-13.586367530554355
102329.29922807537	26.699531521594025	-13.672203636180143
104712.85480508996	26.652228655869482	-14.156718864042375
107151.9305237606	26.643316444697668	-14.364732136553762
109647.8196143185	26.651698223260198	-14.78596274840551
112201.8454301963	26.616266413340284	-15.082963923526762
114815.3621496883	26.610079242842694	-15.417530444741374
117489.7554939529	26.619884117671532	-15.725026018638573
120226.44346174132	26.667185093635997	-15.899049745967716
123026.87708123811	26.616518101878796	-16.71116681541632
125892.54117941676	26.643039284655497	-16.97643883943843
128824.95516931335	26.601999186757173	-17.41851625612776
131825.67385564072	26.630554387454488	-17.658324170521666
134896.28825916533	26.570187003472476	-17.87820005102222
138038.42646028852	26.60553504547103	-18.42808156845973
141253.7544622754	26.654966976523504	-18.896556792987354
144543.97707459278	26.580554606915076	-19.033323222734424
147910.8388168207	26.563421658096004	-19.869329814096503
151356.12484362087	26.635040658435724	-20.31889887445884
154881.6618912481	26.559227064836204	-20.53755807198428
158489.31924611144	26.572321945926504	-21.06595742403792
162181.00973589296	26.589933089711856	-21.74191709976173
165958.69074375613	26.57537622125297	-22.3644485258275
169824.36524617442	26.546719896360994	-22.60828579632758
173780.08287493762	26.554856926858452	-23.39613660111788
177827.94100389228	26.550811405677702	-23.88430176935735
181970.08586099825	26.531464940173706	-24.366330231060154
186208.71366628676	26.50956216585369	-24.95490523395704
190546.07179632463	26.532827861385833	-25.66211256091841
194984.45997580455	26.50413318505545	-26.322453161451875
199526.2314968879	26.512713079575143	-27.018055962002222
204173.79446695297	26.507820293050223	-27.805713351005878
208929.61308540386	26.39589178157813	-28.316248503566612
213796.20895022326	26.472884973886405	-29.101034713093036
218776.16239495517	26.504618681893085	-29.426974316148574
223872.113856834	26.47749355135496	-30.019750266098306
229086.76527677724	26.52442982601677	-30.909712579358654
234422.8815319923	26.496662962990747	-31.72779859622966
239883.29190194898	26.50061330581716	-32.224226028032376
245470.8915685031	26.42438510901739	-33.281612234177715
251188.64315095797	26.232765113765506	-34.29031485302674
257039.57827688646	26.424486963358007	-35.16012094074499
263026.7991895381	26.286620734460314	-35.84903000586799
269153.4803926917	26.340422211113857	-34.55559071456765
275422.8703338166	26.2841612957771	-37.21747269798774
281838.2931264455	26.342802970159287	-38.23512634804108
288403.15031266055	26.2254532932765	-39.41645282081495
295120.9226666387	26.271100310751518	-38.07797780077176
301995.1720402016	26.142429618846297	-40.12615120558907
309029.54325135925	26.22200774782126	-40.83407723101191
316227.76601683797	26.02956880126601	-45.06806864938659
323593.6569296281	26.26615056947982	-45.25882457679296
331131.1214825911	26.057171290664694	-43.89897183923938
338844.15613920236	25.995747256831102	-45.90356247071993
346736.85045253165	25.959671927632314	-47.34681034469745
354813.3892335753	25.809113110401668	-46.03352032511751
363078.0547701014	25.902539568566496	-49.812304404557
371535.2290971724	25.786932090810982	-50.56163433983886
380189.39632056124	25.80840122809963	-51.78105816173938
389045.1449942805	25.719244255876102	-52.9007199080297
398107.17055349733	25.65140456265339	-54.23780620491616
407380.27780411264	25.58800092074197	-55.50688388765508
416869.3834703355	25.52661673831233	-56.59129605999897
426579.5188015926	25.463885563471838	-58.03603510756068
436515.8322401661	25.372334359959563	-59.04062748461101
446683.592150963	25.31423667845525	-60.62435710121122
457088.1896148752	25.2269328183098	-61.800716216180646
467735.1412871981	25.157610536034632	-62.999424758410996
478630.09232263855	25.049461839597384	-64.67057130957915
489778.81936844613	24.9630059551071	-65.59572875559563
501187.2336272725	24.872449937143717	-67.66058312218252
512861.38399136486	24.869182136241704	-68.9169342492848
524807.4602497729	24.715837408899194	-70.06179119359211
537031.7963702526	24.585575985412135	-71.50026754300382
549540.8738576248	24.476091707182658	-72.94764137821666
562341.325190349	24.381329801696427	-74.28516294299037
575439.9373371566	24.260363484916233	-75.97010257503423
588843.655355589	24.135811414109256	-77.52205862510075
602559.5860743575	23.9961275398122	-79.16846076441479
616595.0018614822	23.847492272392277	-80.90148410135305
630957.344480193	23.739229981999756	-82.3679748545802
645654.2290346556	23.592550488236274	-83.67769823563475
660693.4480075957	23.459575641392117	-85.4301980820516
676082.9753919819	23.28172913680551	-87.22353950797242
691830.9709189363	23.126195067459495	-88.6886168293157
707945.7843841381	22.991486984894486	-90.22973181577224
724435.9600749899	22.805926820885595	-91.92263474193271
741310.2413009177	22.645649739783696	-93.680139473059
758577.5750291835	22.47834911460085	-95.3343765232143
776247.1166286919	22.310932433897328	-97.09827744674614
794328.2347242814	22.113601154721707	-98.44195474303348
812830.5161640996	21.903205844825333	-100.3144104884669
831763.7711026708	21.73137980963044	-101.98527153551187
851138.0382023768	21.50575269365958	-103.77148282232804
870963.5899560805	21.238856238796004	-105.1114339245287
891250.9381337459	21.11884877922445	-107.36794356777466
912010.8393559096	20.94286122453749	-109.19132299356984
933254.3007969914	20.66101155864741	-110.56194067834284
954992.5860214359	20.37548782333375	-112.2213098574003
977237.2209558111	20.23373669767979	-114.15811916585841
1e+06	19.989428403870416	-115.76406322543924
