Frequency (Hz)	Channel 2 Magnitude (dB)	Channel 2 Phase (deg)
100	26.821816918041428	-0.033463906261914644
102.32929922807536	26.828280006876227	-0.044957586701343644
104.71285480508996	26.826753966052017	-0.02023293828302286
107.15193052376058	26.827999618843016	-0.006732897530708826
109.64781961431852	26.82026331697376	-0.024551489452786512
112.2018454301963	26.831308185558257	0.0056132719519794705
114.8153621496883	26.821098694919275	-0.07520543760905696
117.48975549395291	26.826808489038548	0.01988826622945794
120.22644346174131	26.818055367749277	-0.046900081559059004
123.02687708123811	26.821291065813835	-0.032414593096120825
125.89254117941674	26.820022216709564	-0.019131187424550333
128.82495516931337	26.822658484205096	0.022452472360949827
131.82567385564073	26.821474519067642	-0.0415895876512149
134.89628825916535	26.823591694046126	-0.035664416567058765
138.03842646028852	26.826937405885207	-0.0015985941145650884
141.2537544622754	26.822741114851077	-0.01028434952414159
144.5439770745928	26.809568505269937	-0.04484183228672123
147.91083881682073	26.820918589124506	-0.05876061339066041
151.35612484362088	26.828166146214155	-0.036823327495728364
154.88166189124811	26.817185107748376	-0.0039651182970033005
158.48931924611142	26.822835211415036	-0.02795764769375708
162.18100973589299	26.827847181157857	-0.02230966554817826
165.95869074375616	26.821409064463893	-0.011075245415717916
169.82436524617444	26.8230461118168	-0.05296330035645269
173.78008287493762	26.8141999347646	-0.06115002367720024
177.82794100389228	26.816275920283278	-0.0163758552709794
181.97008586099827	26.82522410474968	-0.015319894430916747
186.20871366628677	26.82051199265308	-0.033502996930437234
190.5460717963248	26.81968574833073	-0.0674715346268897
194.98445997580455	26.822039853351505	-0.05910314964000918
199.52623149688787	26.81831858395107	-0.03628013983527012
204.17379446695296	26.823718835819154	-0.1156667833045617
208.92961308540387	26.819895711629044	-0.04525468708311564
213.79620895022325	26.814984533207536	-0.0007374417066543515
218.77616239495518	26.81802639390767	-0.032652676388920554
223.872113856834	26.825550332260168	-0.06669851434116936
229.08676527677724	26.814564195522458	-0.03936279371055207
234.42288153199226	26.823111829374568	-0.030172170948745247
239.88329190194898	26.8222178495988	-0.04687820782687879
245.47089156850313	26.820578035753467	-0.03956841174809256
251.18864315095794	26.824759433327433	-0.08754802230891556
257.03957827688646	26.81710417882558	-0.05351372548147282
263.02679918953817	26.820078254805367	-0.044655463799372797
269.1534803926917	26.82070652994932	0.025789970718612665
275.4228703338166	26.825946727147738	-0.023212311936216423
281.8382931264455	26.82681922479565	-0.09640510245469613
288.40315031266056	26.81370221956668	-0.031148850416954588
295.1209226666384	26.820893162491956	-0.050386957804619215
301.99517204020157	26.821177132306847	-0.0868009779383101
309.0295432513592	26.81878208471244	-0.027345396559660173
316.22776601683796	26.824010653978707	-0.10085436555129945
323.5936569296281	26.828473306059564	-0.07199014147946148
331.1311214825911	26.822492345602083	-0.05395457124700087
338.8441561392027	26.821800592160354	0.010499529798082108
346.7368504525317	26.818532348544842	-0.03297067659165265
354.8133892335753	26.826486501086677	-0.07542352683079656
363.0780547701014	26.82658000437916	-0.022386790905663645
371.5352290971724	26.816202627782676	-0.06731519080128123
380.18939632056123	26.813018187160914	-0.11238251673069755
389.0451449942805	26.820291579933823	-0.1441008871896905
398.1071705534973	26.823735442939565	-0.10066492370638258
407.3802778041126	26.814508813365592	-0.06503329284549864
416.8693834703355	26.81897257210379	-0.07576005950130593
426.5795188015926	26.821852238299346	-0.07631466534537701
436.5158322401661	26.812743638070277	-0.05371664022806044
446.683592150963	26.817400641538207	-0.06520781453976099
457.0881896148752	26.821052573546677	-0.08088567052496387
467.73514128719813	26.81646237392919	-0.09871318343121516
478.6300923226385	26.822333562402356	-0.07695771282442365
489.7788193684461	26.819379198458954	-0.1411452693140376
501.1872336272725	26.82070661627491	-0.050983497532229194
512.8613839913648	26.82648336936582	-0.12068160458832722
524.8074602497722	26.820318244619003	-0.05710674059832854
537.0317963702527	26.8153815779013	-0.10991349865075506
549.5408738576248	26.815423248652593	-0.15567090421856733
562.3413251903492	26.815488784552834	-0.1129965547830949
575.4399373371566	26.817482724334166	-0.12638025859298807
588.8436553555889	26.81558365487878	-0.12590898532459527
602.5595860743581	26.821014072962512	-0.13106464515468774
616.5950018614823	26.81541888228765	-0.08969096796333531
630.957344480193	26.820093656703122	-0.060251988491245356
645.6542290346556	26.81292219669698	-0.1311471912940121
660.6934480075957	26.808308941411326	-0.12268786391238073
676.0829753919819	26.809326059260954	-0.1348035235636047
691.8309709189363	26.828805020771888	-0.14325367769479413
707.945784384138	26.814269873105424	-0.17993301395932804
724.4359600749898	26.818579382660907	-0.06887208116959798
741.3102413009177	26.81111161295992	-0.11619749145162928
758.5775750291835	26.817276842487374	-0.12126443279451848
776.247116628692	26.818617204807875	-0.16285398402612117
794.3282347242813	26.818079885082057	-0.1429803947531454
812.8305161640994	26.82608311166153	-0.1842524400607175
831.7637711026708	26.812403415729786	-0.15010332783154468
851.1380382023768	26.819318326762534	-0.16771569309483425
870.9635899560805	26.819749004020473	-0.24311419537762902
891.2509381337459	26.81268722865306	-0.16187798687546717
912.0108393559096	26.814216560540277	-0.11441018036896367
933.2543007969905	26.814313829372715	-0.13633154049571772
954.992586021436	26.80787269808967	-0.2008079599378192
977.2372209558112	26.820390444921173	-0.2641105965948327
1000	26.819864605091492	-0.2370871387946316
1023.2929922807535	26.820524474849528	-0.18207034576225567
1047.1285480508996	26.830213848361844	-0.21493797928737024
1071.519305237607	26.81644203807948	-0.20601400401685055
1096.4781961431852	26.818412321203304	-0.2476182091499055
1122.018454301963	26.81192934971498	-0.30480865030264326
1148.1536214968828	26.836544090784184	-0.250094163528388
1174.8975549395304	26.818230435087788	-0.1506871026658274
1202.264434617413	26.801120842835108	-0.27914799311571414
1230.2687708123813	26.824200863200165	-0.2914245349248148
1258.9254117941675	26.82306322780629	-0.16527589096115936
1288.249551693135	26.804471258538932	-0.1732219572835163
1318.2567385564075	26.81878416332417	-0.2694872403108839
1348.9628825916532	26.818450419549556	-0.2243448814967195
1380.3842646028838	26.821778398084028	-0.18403536267095433
1412.537544622754	26.821642837784875	-0.2301648077035381
1445.439770745928	26.809937729113283	-0.31048469150988467
1479.1083881682073	26.815649849122117	-0.24909337596224645
1513.5612484362073	26.80427290662403	-0.2605164755429996
1548.816618912481	26.81043506600753	-0.26916771296639297
1584.893192461114	26.805257756241435	-0.27623387693005075
1621.8100973589296	26.827097472223357	-0.23827249872257994
1659.5869074375598	26.806976114599976	-0.2631979241446061
1698.2436524617442	26.805008223201156	-0.2126149202279528
1737.8008287493763	26.82404186954375	-0.32942994674272796
1778.2794100389228	26.815865894311933	-0.3215093718756208
1819.7008586099826	26.820757086341228	-0.3431847761690108
1862.0871366628676	26.807743488801755	-0.36825108679948926
1905.4607179632483	26.813670971715553	-0.4029026003391607
1949.8445997580457	26.814326527825397	-0.4017104488573011
1995.2623149688789	26.819057855751783	-0.35232634546302677
2041.7379446695297	26.815046965714235	-0.3807064256900361
2089.2961308540407	26.812923505218933	-0.3006950520044711
2137.9620895022326	26.804455614091815	-0.42143046254776095
2187.761623949552	26.81060895656418	-0.4519404885247127
2238.72113856834	26.79579897268203	-0.4390246276916301
2290.8676527677744	26.815601513278956	-0.5082618390417366
2344.2288153199224	26.817650550093283	-0.40574867277142346
2398.83291901949	26.812320817271722	-0.4508685098884655
2454.7089156850284	26.803336415182596	-0.40788966683214767
2511.8864315095793	26.81490120150713	-0.4515255462837331
2570.3957827688646	26.802049458235864	-0.3923786608626756
2630.2679918953813	26.808252556428677	-0.5067122654347429
2691.534803926914	26.817209813546743	-0.5088573013368993
2754.228703338166	26.809994969407125	-0.5080134936439578
2818.382931264455	26.811093825118068	-0.536602580991385
2884.0315031266055	26.815610948565297	-0.4799221769504527
2951.2092266663844	26.802429388798068	-0.5128818907525385
3019.9517204020162	26.819041812016216	-0.5252996398064929
3090.295432513592	26.81018462685218	-0.5242808793143183
3162.2776601683795	26.815821570615988	-0.5364904692727492
3235.936569296281	26.80560290377975	-0.5061797941105795
3311.311214825911	26.78688697936292	-0.5583830118703474
3388.4415613920273	26.80473700092023	-0.4688122135791071
3467.368504525317	26.804524915879213	-0.5963389125729606
3548.1338923357534	26.81472096742724	-0.5927269590484201
3630.780547701014	26.804977268061343	-0.601278801465881
3715.352290971728	26.805000185187442	-0.5580214939691501
3801.8939632056126	26.805426688904358	-0.7229989398416876
3890.451449942805	26.793247826566855	-0.7444789364208404
3981.0717055349733	26.793226047920804	-0.5672630097071192
4073.8027780411303	26.792833718556427	-0.6589427940527912
4168.693834703356	26.81023806962004	-0.5906538935571852
4265.795188015926	26.815292652743643	-0.5963347139614044
4365.158322401657	26.80776978027864	-0.7784394959488168
4466.835921509631	26.796599836575503	-0.7343361010960052
4570.881896148752	26.801945473968985	-0.7446611352445558
4677.351412871981	26.79549091788114	-0.7946406978669671
4786.30092322638	26.81421337999692	-0.6390117591867295
4897.788193684461	26.824631442835873	-0.7252457692522682
5011.872336272725	26.779293416314864	-0.8953148903512584
5128.613839913648	26.808626564666046	-0.7731454998444605
5248.0746024977225	26.81701281810765	-0.7176456534810853
5370.317963702527	26.81025887957511	-0.9430847176900272
5495.408738576248	26.794450362912976	-0.7849400995035438
5623.413251903491	26.806054924763046	-0.8444217503023594
5754.399373371567	26.80212526177678	-0.8707329351658188
5888.43655355589	26.791709967911835	-1.0009627864497546
6025.5958607435805	26.78427782229585	-0.9739348465402315
6165.9500186148225	26.780350754423644	-0.9925867692730037
6309.57344480193	26.783163385107642	-1.0653001962251096
6456.542290346556	26.80970292824576	-0.9113143581563463
6606.9344800759645	26.785731340924798	-0.9817755213922652
6760.829753919818	26.793285195482085	-1.0897601361920266
6918.309709189362	26.799708472210618	-1.0529993727735416
7079.45784384138	26.784252344577002	-1.130968482700652
7244.359600749906	26.80127141265709	-1.160580435381064
7413.102413009176	26.796191042476746	-1.1156415185978545
7585.775750291836	26.797002119992676	-1.094713277838565
7762.471166286911	26.79885861056091	-1.199398484070855
7943.282347242814	26.79862490171861	-1.2273158185656072
8128.305161640995	26.78436703008833	-1.10692494544395
8317.63771102671	26.787360509385426	-1.1835289085776353
8511.380382023759	26.801611919021745	-1.350768326002438
8709.635899560804	26.792800839012642	-1.2442363712438294
8912.509381337459	26.804112425567133	-1.3976859177021255
9120.108393559096	26.79306623056778	-1.4736687676421205
9332.543007969905	26.79818702743895	-1.4375694725295105
9549.925860214358	26.795582481190085	-1.4026463227386898
9772.372209558112	26.786665757601572	-1.4219203211187903
10000	26.77841922799906	-1.632884844208256
10232.929922807536	26.787543504388594	-1.5736379811242927
10471.285480508996	26.790119523851015	-1.4985288645662678
10715.19305237606	26.77380087429745	-1.501558661547321
10964.78196143185	26.80085637105829	-1.5609977698925377
11220.18454301963	26.779849093382072	-1.7525706835028814
11481.53621496883	26.789903113749286	-1.7657480081002568
11748.97554939529	26.78472587224539	-1.835469746162211
12022.644346174131	26.788306350336782	-1.7194506453826506
12302.68770812381	26.810415118554776	-1.7084989123366512
12589.254117941675	26.77581670702082	-1.8930725530636323
12882.495516931336	26.768360200652076	-1.902788774315269
13182.567385564074	26.8124561971512	-1.8859423118697265
13489.628825916534	26.776282879438025	-1.9375680470079217
13803.842646028852	26.802331087734537	-2.0249695640013385
14125.37544622754	26.773977589582984	-2.189078918447734
14454.397707459279	26.782700469204308	-2.1478951350846387
14791.08388168207	26.810822834111853	-2.1116715290547177
15135.612484362087	26.785363385316245	-2.295666745929296
15488.166189124811	26.762212403022367	-2.2834758161787363
15848.93192461114	26.78075622651889	-2.3672545110323995
16218.100973589299	26.773382207588156	-2.4729637841190595
16595.869074375612	26.79158986860096	-2.394214674494833
16982.436524617442	26.78557375262798	-2.501222317891248
17378.00828749376	26.79127516799648	-2.4702497904584675
17782.79410038923	26.787172777337464	-2.542593293402348
18197.008586099826	26.779685502602398	-2.4979725785288895
18620.871366628675	26.78024603228787	-2.612932650718932
19054.60717963246	26.78237688137475	-2.6891487529802873
19498.445997580457	26.77370318129956	-2.8204562628840364
19952.62314968879	26.752254057523093	-2.8547336122822173
20417.379446695293	26.781906519070052	-3.045728162925414
20892.961308540387	26.772444917399728	-3.067575446288515
21379.620895022326	26.786721227673503	-3.198776875160604
21877.61623949552	26.792898326063593	-3.090639315470156
22387.2113856834	26.759562778513786	-3.545803125507547
22908.676527677722	26.779775651319824	-3.332583751543325
23442.288153199228	26.768738643302846	-3.374815787209016
23988.329190194898	26.765173584034958	-3.5295412072934482
24547.08915685031	26.769419406625442	-3.4750138149388476
25118.864315095794	26.771780146769082	-3.4712636465061166
25703.957827688646	26.780374803961735	-3.6812376358828325
26302.679918953814	26.757691008756638	-3.6803206295509066
26915.348039269167	26.773266597729723	-3.887060249957244
27542.28703338166	26.745429583998238	-4.10587314659
28183.82931264455	26.737450419215335	-3.918027479513192
28840.31503126606	26.739183717283822	-4.134422825434228
29512.092266663873	26.7673684998051	-4.176465791847974
30199.51720402016	26.784962420153313	-4.262478392176616
30902.95432513592	26.77285239035183	-4.169077565564891
31622.776601683792	26.759863462035057	-4.47912124400975
32359.365692962812	26.75524960974424	-4.589733681624345
33113.11214825911	26.763417794808774	-4.647687209884111
33884.41561392024	26.736268533824198	-4.749542869212124
34673.685045253165	26.778187198021875	-4.837906751498963
35481.33892335753	26.746756914460082	-5.041387548245957
36307.80547701014	26.752935199375575	-5.066150064257386
37153.52290971724	26.755919160887967	-5.238944599507391
38018.93963205612	26.77090609816458	-5.597251406237916
38904.51449942805	26.765997360196152	-5.467753563044709
39810.717055349734	26.720024799535427	-5.698151009377193
40738.02778041126	26.780178424703696	-5.901855071133191
41686.938347033545	26.728440964592988	-5.881742104599162
42657.95188015926	26.795285419318112	-6.163394336172729
43651.58322401661	26.81592332860014	-6.406379779236431
44668.3592150963	26.78541924227211	-6.460101320496836
45708.81896148752	26.75132855465778	-6.696585614153101
46773.51412871981	26.769130590464126	-6.798543161912818
47863.00923226385	26.77013212894518	-6.5155001542837
48977.88193684462	26.70625397610438	-7.058116396405474
50118.72336272725	26.70006584315584	-7.304255621090377
51286.138399136486	26.7617309392788	-7.1016119267450435
52480.746024977285	26.696181743533245	-7.302788617458162
53703.17963702527	26.75142402926463	-7.733960937770199
54954.08738576248	26.683999596948166	-8.034475874697286
56234.13251903491	26.722587636553683	-7.766623976557327
57543.993733715666	26.704423900234424	-7.996911451718129
58884.3655355589	26.743506893862214	-8.463724187659096
60255.95860743574	26.713676249583113	-8.575182391526567
61659.50018614822	26.666395003861055	-8.505673297903073
63095.734448019306	26.681309859139123	-9.013963529354783
64565.422903465565	26.713339801967795	-9.243775188913446
66069.34480075957	26.70023939589735	-9.159261004839024
67608.29753919819	26.666500442738762	-9.33785699793819
69183.09709189364	26.650294845879166	-9.650299453645383
70794.5784384138	26.675284051759803	-10.019873709095096
72443.59600749899	26.684935515774328	-10.066801370824948
74131.02413009177	26.65582153980628	-10.36815584599023
75857.75750291836	26.646802190606685	-10.610982874218607
77624.71166286919	26.634636743447704	-10.826639523230916
79432.82347242814	26.702039889235017	-10.927281122988347
81283.05161640994	26.654935608804735	-11.251170380391912
83176.37711026709	26.675291278609127	-11.47153717121158
85113.80382023768	26.638382999221477	-11.613473910811223
87096.35899560805	26.64256752346693	-11.910853603135294
89125.0938133746	26.69267389029001	-12.510718126643145
91201.08393559097	26.653659637805028	-12.63362335544055
93325.43007969914	26.6654544262542	-12.643304102599586
95499.25860214359	26.580186018225135	-12.880597140969456
97723.7220955811	26.634274782127907	-13.457075327240176
100000	26.577932129554135	-13.423838413746367
102329.29922807537	26.63249331277222	-13.856616573504311
104712.85480508996	26.631466352744894	-14.4046757979028
107151.9305237606	26.60857748186318	-14.789614999592487
109647.8196143185	26.599627961674482	-14.99527067379654
112201.8454301963	26.644424207072667	-15.41796074251928
114815.3621496883	26.608885767554963	-15.653244649440808
117489.7554939529	26.604238422165373	-15.988948993590782
120226.44346174132	26.595941082843716	-16.47232809449997
123026.87708123811	26.58314309096546	-17.14309949867618
125892.54117941676	26.593031331721374	-17.132953802084046
128824.95516931335	26.540091425406423	-17.692192969860173
131825.67385564072	26.58624367841574	-17.916028651059577
134896.28825916533	26.537045535612176	-18.25987538139709
138038.42646028852	26.638767600433063	-19.020832973903506
141253.7544622754	26.552911522469053	-19.3633793823507
144543.97707459278	26.518577236527484	-19.856921940025387
147910.8388168207	26.524512070398654	-19.81155942330841
151356.12484362087	26.524988372866293	-20.771448094400874
154881.6618912481	26.509574274750083	-21.221618106084065
158489.31924611144	26.54925254819698	-21.699779100508664
162181.00973589296	26.47323126926007	-22.149817682495907
165958.69074375613	26.47916310311626	-22.571004709626884
169824.36524617442	26.489397083852268	-22.997380482490144
173780.08287493762	26.514101655552466	-23.821451174430933
177827.94100389228	26.438321890032405	-24.077990523381345
181970.08586099825	26.472833524882763	-24.93963539569593
186208.71366628676	26.454322198767784	-25.386387495731583
190546.07179632463	26.406182425870426	-25.80435590702531
194984.45997580455	26.42457041806903	-26.433558013427856
199526.2314968879	26.426021735984175	-26.608571808097395
204173.79446695297	26.39787561019412	-27.914739690458134
208929.61308540386	26.40460625650521	-28.533764742107635
213796.20895022326	26.404803876540306	-29.322169355185864
218776.16239495517	26.394762497988957	-29.630163250426364
223872.113856834	26.37740805149616	-30.82327706058715
229086.76527677724	26.288916142748413	-31.201293303311783
234422.8815319923	26.342354584151376	-32.125699709451325
239883.29190194898	26.347178566993144	-32.64899607771332
245470.8915685031	26.304450835455846	-33.43547298492081
251188.64315095797	26.244202450942616	-34.38927108539511
257039.57827688646	26.2591830700983	-35.19851827573394
263026.7991895381	26.244189002489975	-35.94436922000534
269153.4803926917	26.20015467276156	-36.86202517165487
275422.8703338166	26.179576846953122	-37.55847632553339
281838.2931264455	26.13374670465006	-38.29555441369451
288403.15031266055	26.106392547788737	-38.98242311953383
295120.9226666387	26.09244552531567	-40.25798231299796
301995.1720402016	25.99963210621684	-41.358729145799884
309029.54325135925	25.892686187114332	-41.648217615880355
316227.76601683797	25.957647646191955	-43.29896277476226
323593.6569296281	25.912315201112996	-43.872317607679264
331131.1214825911	25.851541428447526	-44.82795226347015
338844.15613920236	25.80927836932178	-45.90197755026793
346736.85045253165	25.767753491727756	-46.97872229379311
354813.3892335753	25.697948816142574	-47.992542477688005
363078.0547701014	25.653875358429232	-48.78426196825581
371535.2290971724	25.572803123086633	-50.29664864650478
380189.39632056124	25.50774673921689	-50.952556681967394
389045.1449942805	25.459037776715814	-52.38959610937661
398107.17055349733	25.41860129768784	-53.611609332863026
407380.27780411264	25.340926149558626	-54.48972166797061
416869.3834703355	25.24616655910514	-55.6638298571732
426579.5188015926	25.198002836716707	-56.72233479026822
436515.8322401661	25.114545988501643	-58.15752610920153
446683.592150963	25.05942789241835	-59.32541950828587
457088.1896148752	24.98457189661795	-60.55138814604401
467735.1412871981	24.84948703330797	-61.90633542173171
478630.09232263855	24.777902855946788	-63.61034244465866
489778.81936844613	24.83999923839297	-64.59354744999193
501187.2336272725	24.638292696636324	-64.98552775767459
512861.38399136486	24.499597161057906	-66.22019362883842
524807.4602497729	24.403155069516018	-68.01772601647376
537031.7963702526	24.36487057986113	-69.8684812312511
549540.8738576248	24.26902089522468	-71.16674610175279
562341.325190349	24.113976286952223	-72.45508207855406
575439.9373371566	24.028882731747096	-73.86209197632175
588843.655355589	23.901078690647335	-75.23714185026431
602559.5860743575	23.79353152968555	-76.93464941100905
616595.0018614822	23.676098434739977	-78.1173813733225
630957.344480193	23.546365689487594	-79.6465551161399
645654.2290346556	23.430421813939407	-81.15023054263881
660693.4480075957	23.290526326523327	-82.67224690795899
676082.9753919819	23.148098508535462	-84.28367866529562
691830.9709189363	23.00376845570026	-85.71394139142791
707945.7843841381	22.86340999224375	-87.47544955445781
724435.9600749899	22.718291012536326	-88.88699704727901
741310.2413009177	22.558336009272487	-90.51938708643058
758577.5750291835	22.397820008100474	-92.1206869440523
776247.1166286919	22.241072788862528	-93.68873104188444
794328.2347242814	22.075792559163947	-95.4921028255175
812830.5161640996	21.921538872796287	-96.9508473597279
831763.7711026708	21.71658386358322	-98.63019378814221
851138.0382023768	21.55889623061434	-100.2488088227134
870963.5899560805	21.342473300917	-102.00367333284132
891250.9381337459	21.183890049767417	-103.73055110108328
912010.8393559096	20.994220832043737	-104.97624975302209
933254.3007969914	20.754660158497387	-106.9514636632971
954992.5860214359	20.56336327544191	-108.73723788101232
977237.2209558111	20.3940774711427	-110.39178993654318
1e+06	20.140056891636004	-112.04862195296016
