Frequency (Hz)	Channel 2 Magnitude (dB)	Channel 2 Phase (deg)
100	26.826138944918423	-0.09756100668001011
102.32929922807536	26.82253747461697	-0.07399408283990283
104.71285480508996	26.832679551278336	-0.024190094209615154
107.15193052376058	26.83460739812076	-0.07379044091694453
109.64781961431852	26.81983922976791	-0.041655282366137136
112.2018454301963	26.83312780081545	-0.01539562074279388
114.8153621496883	26.82681588920504	-0.10049322462924692
117.48975549395291	26.82217727741498	-0.004341323096326732
120.22644346174131	26.82297118055985	0.005107190265960071
123.02687708123811	26.83777581994049	0.01805751058049765
125.89254117941674	26.824013138715426	-0.03434505208369387
128.82495516931337	26.82946100928963	-0.02538682012971094
131.82567385564073	26.81783849786907	-0.027953366724190687
134.89628825916535	26.828780178992588	-0.0434343208797463
138.03842646028852	26.83412894494149	-0.018675536192485964
141.2537544622754	26.82786646419793	-0.02492509669713172
144.5439770745928	26.828369854480098	-0.004866054848832846
147.91083881682073	26.825352453395894	-0.004755434805630898
151.35612484362088	26.82497974540528	-0.10441650283486226
154.88166189124811	26.83857108397905	-0.04267829498033393
158.48931924611142	26.821805149905064	-0.044047561180462935
162.18100973589299	26.831001959163324	0.005367400858993676
165.95869074375616	26.827763902493714	-0.08058649499845671
169.82436524617444	26.8241207550383	0.005627752583905021
173.78008287493762	26.826602076938034	-0.01562822172867584
177.82794100389228	26.82064973150378	-0.011128171008245147
181.97008586099827	26.829144347321765	-0.024632887840837725
186.20871366628677	26.82172194939475	-0.04892563828552454
190.5460717963248	26.815145249717162	-0.06494323550144543
194.98445997580455	26.824342590944124	-0.024412129805028826
199.52623149688787	26.81274304772501	-0.0019556959996265277
204.17379446695296	26.816480982036985	-0.06288159856196529
208.92961308540387	26.82512365080415	-0.04510132813454959
213.79620895022325	26.82455463039802	-0.02630725052005012
218.77616239495518	26.82419530305885	0.03355912950289852
223.872113856834	26.825001370050625	-0.07432681381996531
229.08676527677724	26.833604525663276	-0.047517702016499186
234.42288153199226	26.8184663185356	-0.047941759164302766
239.88329190194898	26.801254198357842	-0.002401126947773946
245.47089156850313	26.826972463154046	-0.08211424565507741
251.18864315095794	26.819267270790725	-0.05740592211824591
257.03957827688646	26.8212083228034	0.021852914702094495
263.02679918953817	26.82827765411931	0.003477256625018299
269.1534803926917	26.83266591255192	-0.13951353721157034
275.4228703338166	26.815269999646997	-0.06789457048017766
281.8382931264455	26.828952076286527	-0.04690779428477754
288.40315031266056	26.823234769058267	-0.05136870670972371
295.1209226666384	26.828529081071963	-0.09972886640456124
301.99517204020157	26.82682204157978	-0.1322708440546876
309.0295432513592	26.82880205528094	-0.011853146279278803
316.22776601683796	26.822246485950956	-0.09559026261176484
323.5936569296281	26.817355541320403	-0.07100871300244194
331.1311214825911	26.821687289355115	-0.0949954709826244
338.8441561392027	26.80462016751492	-0.013595878761464064
346.7368504525317	26.81521323017754	-0.058843502292390326
354.8133892335753	26.813392060409214	-0.013086807837808578
363.0780547701014	26.829940035749594	-0.12087529629877736
371.5352290971724	26.80993467035604	-0.05158979854250845
380.18939632056123	26.82283953134641	-0.05440582610810907
389.0451449942805	26.8227000770393	-0.05509204648635091
398.1071705534973	26.832214801288224	-0.13657716324615876
407.3802778041126	26.81869063554811	-0.06359985093916976
416.8693834703355	26.822497351573595	-0.08163240856339371
426.5795188015926	26.834298433104525	-0.09330297990695868
436.5158322401661	26.826836476019675	-0.09142509981930402
446.683592150963	26.82576875852488	-0.06482230823723967
457.0881896148752	26.822429571966815	-0.145280177154973
467.73514128719813	26.833712061481478	-0.04114533499611639
478.6300923226385	26.827644088128384	-0.05237955717977627
489.7788193684461	26.834055186129167	-0.08909824871660987
501.1872336272725	26.82375007281404	-0.13380029845099273
512.8613839913648	26.82138380954286	-0.0772691303235149
524.8074602497722	26.835787903467626	-0.05638972593984448
537.0317963702527	26.825654114789735	-0.0658799632741136
549.5408738576248	26.817890755035823	-0.05415892398637823
562.3413251903492	26.821504444711252	-0.05083176566915881
575.4399373371566	26.829426853823133	-0.08407804069828728
588.8436553555889	26.826040257274016	-0.08726297429566188
602.5595860743581	26.825034551966937	-0.13070423651117835
616.5950018614823	26.819933847655733	-0.12997906438857854
630.957344480193	26.83089654847354	-0.12427072442223164
645.6542290346556	26.83373531289031	-0.15970696953311858
660.6934480075957	26.81731359865115	-0.021557773894286925
676.0829753919819	26.813631754669352	-0.129917438556447
691.8309709189363	26.82157702138356	-0.15844369396274516
707.945784384138	26.81447132241528	-0.18216606657304624
724.4359600749898	26.82162439516312	-0.12827483435540898
741.3102413009177	26.82666524353236	-0.13993139349794603
758.5775750291835	26.815299935910577	-0.26415154795144247
776.247116628692	26.82443664797393	-0.11510054403103709
794.3282347242813	26.829636092624263	-0.19243944027235216
812.8305161640994	26.81461601580817	-0.07951543550422713
831.7637711026708	26.83184295020974	-0.1738787236153314
851.1380382023768	26.822590215798243	-0.10654449072302441
870.9635899560805	26.818379530409757	-0.1967583511026305
891.2509381337459	26.82573861682938	-0.1962987062129855
912.0108393559096	26.819400715940738	-0.19278992407099693
933.2543007969905	26.82513711709383	-0.3157534583427406
954.992586021436	26.828318925835347	-0.18364012789942663
977.2372209558112	26.835631557512734	-0.20218042792905067
1000	26.813350363193983	-0.07770688457136998
1023.2929922807535	26.819604350348346	-0.20478637224297813
1047.1285480508996	26.830895608944935	-0.26988607126932607
1071.519305237607	26.808602594738513	-0.2841706320664912
1096.4781961431852	26.837322657460344	-0.2681852750613558
1122.018454301963	26.828063043952195	-0.23719855303083648
1148.1536214968828	26.813219038886697	-0.31923226970516794
1174.8975549395304	26.830495690827142	-0.18304795123061268
1202.264434617413	26.83131937388827	-0.2016902002484926
1230.2687708123813	26.827546164508508	-0.24688402212709093
1258.9254117941675	26.819186152654922	-0.18464969872091785
1288.249551693135	26.82599237647438	-0.17526175605166827
1318.2567385564075	26.847883070824977	-0.16573942637916161
1348.9628825916532	26.8065852665355	-0.21923810202414984
1380.3842646028838	26.82512213612554	-0.30604771742363823
1412.537544622754	26.808873662469956	-0.3293838646583911
1445.439770745928	26.817857835577765	-0.2562200106837622
1479.1083881682073	26.818690148761423	-0.21004179008652102
1513.5612484362073	26.82132566843172	-0.31308655013425835
1548.816618912481	26.824188392841055	-0.21918442139670447
1584.893192461114	26.81661412694272	-0.20461727294500065
1621.8100973589296	26.820717443837236	-0.26253618982750027
1659.5869074375598	26.81087985544124	-0.1766070846345258
1698.2436524617442	26.81755455573252	-0.2726226689159006
1737.8008287493763	26.83896739456962	-0.3472420750803096
1778.2794100389228	26.820662559258874	-0.3543987788294345
1819.7008586099826	26.802740684152088	-0.2207225524857961
1862.0871366628676	26.82965635342279	-0.33654126306728926
1905.4607179632483	26.81941863088765	-0.2663868912341627
1949.8445997580457	26.81795471693405	-0.4265977123608664
1995.2623149688789	26.8166255663699	-0.36521021433285483
2041.7379446695297	26.82250015325011	-0.40698811341738406
2089.2961308540407	26.831506318521164	-0.3828651861601031
2137.9620895022326	26.815259814426412	-0.45278115236396843
2187.761623949552	26.832287279734807	-0.41274729493233053
2238.72113856834	26.803740153954774	-0.5325778449306426
2290.8676527677744	26.81671262487655	-0.3990560710875002
2344.2288153199224	26.828936658933678	-0.4337736183134666
2398.83291901949	26.82462404854499	-0.4774202138488164
2454.7089156850284	26.810397874569404	-0.21654732990841552
2511.8864315095793	26.824072208552924	-0.3950296821760304
2570.3957827688646	26.81872778431388	-0.40622246741938284
2630.2679918953813	26.824641147248876	-0.3857054893270089
2691.534803926914	26.808766261657475	-0.38270919459517927
2754.228703338166	26.827494125492805	-0.4605934081836267
2818.382931264455	26.827289731391115	-0.4669470278128074
2884.0315031266055	26.81847097971073	-0.4890026032067851
2951.2092266663844	26.814203118301705	-0.4444619583262295
3019.9517204020162	26.80885568804716	-0.5061656959496119
3090.295432513592	26.81642282298549	-0.40298254118164323
3162.2776601683795	26.815010949631738	-0.44440630808240655
3235.936569296281	26.80495899937661	-0.49666098864678077
3311.311214825911	26.813825363597353	-0.5738613852264507
3388.4415613920273	26.80923512605579	-0.45487203267278176
3467.368504525317	26.81321570148889	-0.5681075720550223
3548.1338923357534	26.819268481715536	-0.635800399373835
3630.780547701014	26.810526496585698	-0.5632870636366363
3715.352290971728	26.826259115798866	-0.6099806223278108
3801.8939632056126	26.793984875275818	-0.6779494665251846
3890.451449942805	26.81614334812458	-0.5490704556622035
3981.0717055349733	26.82147874712539	-0.5959590706552831
4073.8027780411303	26.80239333596306	-0.5910908276009508
4168.693834703356	26.798012336696203	-0.7201297017168713
4265.795188015926	26.812777002844854	-0.7006484241718951
4365.158322401657	26.804734541779315	-0.8068381772649502
4466.835921509631	26.81406652615095	-0.737625428317287
4570.881896148752	26.81107356794636	-0.7818808058135076
4677.351412871981	26.793850802963412	-0.6869191439709823
4786.30092322638	26.805268567361594	-0.8017685697406876
4897.788193684461	26.824639388177186	-0.7977136789921495
5011.872336272725	26.820504651517364	-0.8608866165240272
5128.613839913648	26.800802899537967	-0.7839708306133559
5248.0746024977225	26.813918042492148	-0.8674423041070707
5370.317963702527	26.78546313888294	-0.7584497327511031
5495.408738576248	26.798137152404905	-0.9598608311946037
5623.413251903491	26.784368200846302	-0.8640655424418213
5754.399373371567	26.794324852507756	-0.7783388903789046
5888.43655355589	26.815136635161014	-0.91912614888831
6025.5958607435805	26.815321578856594	-0.9725686578413999
6165.9500186148225	26.794277265871514	-1.0023859231380072
6309.57344480193	26.808286956598238	-0.9041736108671472
6456.542290346556	26.808851339757865	-0.8950669450799893
6606.9344800759645	26.783605833877488	-0.8925360447338448
6760.829753919818	26.78829190958208	-1.0077638562488183
6918.309709189362	26.794592437453495	-0.9894003205630639
7079.45784384138	26.800226063469843	-0.9026574199479853
7244.359600749906	26.799360891818917	-1.0317407716842801
7413.102413009176	26.79267944162745	-0.9309529533041996
7585.775750291836	26.802468879545206	-1.0568486516187932
7762.471166286911	26.81917890786355	-0.9860834422446203
7943.282347242814	26.809178817099223	-1.3023875785974308
8128.305161640995	26.804999218197686	-1.1459978361052947
8317.63771102671	26.791599414386724	-1.130711114762498
8511.380382023759	26.785372563097503	-1.142436122893752
8709.635899560804	26.823949281300955	-1.2139651095650805
8912.509381337459	26.814875219704927	-1.5702542213138173
9120.108393559096	26.799194434045756	-1.2160806904242918
9332.543007969905	26.806682689046823	-1.163465838558011
9549.925860214358	26.818590433748113	-1.290376874620648
9772.372209558112	26.786293789565473	-1.4569582310893736
10000	26.786883583626143	-1.4248121636128985
10232.929922807536	26.80966908457002	-1.470579967207641
10471.285480508996	26.795902997242255	-1.4974745759786288
10715.19305237606	26.796913233372464	-1.4675752874684065
10964.78196143185	26.789268107257612	-1.536316858024449
11220.18454301963	26.814016557605477	-1.465524020461146
11481.53621496883	26.783538423029185	-1.3752204841136972
11748.97554939529	26.807860395721413	-1.4707507651127116
12022.644346174131	26.782999453655883	-1.5751927699759634
12302.68770812381	26.76010254863574	-1.7754511986922754
12589.254117941675	26.780696976114733	-1.6185789467971006
12882.495516931336	26.806977736726203	-1.782124975796883
13182.567385564074	26.79446659987468	-1.7306470641458702
13489.628825916534	26.837570177776207	-1.8285798319549826
13803.842646028852	26.81156819397048	-1.9155250065036142
14125.37544622754	26.800778085032512	-2.0726937279833564
14454.397707459279	26.776581045859707	-2.0322074004295096
14791.08388168207	26.80445781709574	-2.0599842206982544
15135.612484362087	26.798113598367678	-2.0640257707928242
15488.166189124811	26.784930872619984	-2.0971698292609915
15848.93192461114	26.787570505860018	-2.1779221836549727
16218.100973589299	26.79682385214737	-2.1966115778908346
16595.869074375612	26.820885175531156	-2.4482689191293163
16982.436524617442	26.759802551091283	-2.2299177385043976
17378.00828749376	26.791805359661282	-2.386066543354403
17782.79410038923	26.757839342102283	-2.4877459842672636
18197.008586099826	26.78383890641271	-2.5119418247595355
18620.871366628675	26.808088736945187	-2.4793477531041415
19054.60717963246	26.789346628265534	-2.361472973131029
19498.445997580457	26.773800048988427	-2.523222107373421
19952.62314968879	26.765650815485564	-2.884957262969145
20417.379446695293	26.78564936387346	-2.764622461849637
20892.961308540387	26.8060561102814	-2.6957632756493943
21379.620895022326	26.812702899863034	-2.8889255243034313
21877.61623949552	26.80565309020338	-2.9864999365970064
22387.2113856834	26.783356410843098	-3.0033018246826444
22908.676527677722	26.7694679856376	-3.103838671734593
23442.288153199228	26.79563361607822	-3.1060794101719296
23988.329190194898	26.768329242326963	-2.993717194002471
24547.08915685031	26.80651556717376	-3.304617496061425
25118.864315095794	26.76827852607097	-3.3227689837291052
25703.957827688646	26.816204745140087	-3.2441616884985365
26302.679918953814	26.798236582591862	-3.4416059385227413
26915.348039269167	26.772547629515707	-3.5825921273224264
27542.28703338166	26.807251756399207	-3.438144686957827
28183.82931264455	26.767209716262983	-4.043017251055339
28840.31503126606	26.739040883550786	-3.8082730975910195
29512.092266663873	26.78530607199899	-3.7633190109715997
30199.51720402016	26.803722467948468	-3.914508012822324
30902.95432513592	26.753771301616567	-3.8248850556290535
31622.776601683792	26.77710603496241	-4.109826926564608
32359.365692962812	26.789562981935152	-4.324138855548043
33113.11214825911	26.773993731052514	-4.133710750809556
33884.41561392024	26.79735576218638	-4.543985761772262
34673.685045253165	26.75638499764389	-4.618552731692688
35481.33892335753	26.809136651096708	-4.594409887216486
36307.80547701014	26.787104593070687	-4.7245316870855945
37153.52290971724	26.76282032884521	-4.919295871586035
38018.93963205612	26.768471954317565	-5.069282519613182
38904.51449942805	26.78144422772281	-5.113492540032027
39810.717055349734	26.76248642151741	-5.1856087857033515
40738.02778041126	26.80776149634505	-5.078307808347148
41686.938347033545	26.786337128016918	-5.563991225037348
42657.95188015926	26.769631093615867	-5.664617166040443
43651.58322401661	26.7689943395326	-5.795581165857584
44668.3592150963	26.8314035503446	-5.974688503538049
45708.81896148752	26.80268496052281	-5.753818998213433
46773.51412871981	26.732292926487954	-6.287101516894921
47863.00923226385	26.77888587349438	-6.500792023719356
48977.88193684462	26.756700501417917	-6.4585925156443125
50118.72336272725	26.720914350359784	-6.322636472109991
51286.138399136486	26.830595007596457	-6.762469065803327
52480.746024977285	26.762869826001786	-6.951584270541595
53703.17963702527	26.79303682880276	-7.168263944726675
54954.08738576248	26.82260889622838	-7.211054962644061
56234.13251903491	26.74743672421699	-7.140578879565851
57543.993733715666	26.76080832834203	-7.706438208738554
58884.3655355589	26.79522265053781	-7.862416970819083
60255.95860743574	26.750128983082455	-8.032218673968794
61659.50018614822	26.767202806052765	-8.193574004521167
63095.734448019306	26.75541967791493	-8.08922745729923
64565.422903465565	26.756723223490763	-8.572463113965028
66069.34480075957	26.775931524922896	-8.575868743386508
67608.29753919819	26.771000125968865	-8.88821735354223
69183.09709189364	26.796705509161672	-9.064226522830182
70794.5784384138	26.778039980708463	-8.94732466249323
72443.59600749899	26.79592772972169	-9.337463714578291
74131.02413009177	26.733362036431416	-9.699172424317766
75857.75750291836	26.771084618900645	-10.039859643838895
77624.71166286919	26.775635306197117	-9.970528828685048
79432.82347242814	26.75838026727231	-10.271184585440423
81283.05161640994	26.839582559406026	-10.350330803391458
83176.37711026709	26.80042573538744	-10.728201647176562
85113.80382023768	26.80355444334568	-11.020316931576502
87096.35899560805	26.796239999683856	-11.215439791747215
89125.0938133746	26.775923444016655	-11.594185352115687
91201.08393559097	26.80123790513076	-11.859190056746662
93325.43007969914	26.773764501251428	-12.14449432537635
95499.25860214359	26.799585400046695	-12.18470275641262
97723.7220955811	26.784249938541613	-13.034977418788827
100000	26.744714705910916	-12.915684168324184
102329.29922807537	26.77023795432714	-13.377018788433475
104712.85480508996	26.786890676480507	-13.359192815231566
107151.9305237606	26.791842661206555	-13.930467661253857
109647.8196143185	26.824467839515165	-14.239972346919927
112201.8454301963	26.84638932415141	-14.47122609850935
114815.3621496883	26.81397467000157	-14.578647293272766
117489.7554939529	26.820696422499925	-15.397022734088964
120226.44346174132	26.808456930896128	-15.571948949779241
123026.87708123811	26.808913881894476	-15.679975159544995
125892.54117941676	26.850727374499115	-16.346730186312612
128824.95516931335	26.81643221221897	-16.489071422224967
131825.67385564072	26.916384785928933	-16.981189510343548
134896.28825916533	26.915723004782265	-17.494167034428685
138038.42646028852	26.86457905326695	-17.989213002451137
141253.7544622754	26.860776327954973	-18.407957930835146
144543.97707459278	26.894604926012082	-18.9200267391808
147910.8388168207	26.855141632080034	-19.1627851846373
151356.12484362087	26.921889658724474	-19.683408215039726
154881.6618912481	26.929161062480546	-20.355344533377256
158489.31924611144	26.953870233367216	-20.818877021018068
162181.00973589296	26.987331235994954	-21.562805845526814
165958.69074375613	26.907322438562762	-21.6411925660336
169824.36524617442	26.95929448796921	-22.548859978768974
173780.08287493762	26.978978708952873	-23.07905842552819
177827.94100389228	26.975304689242	-23.523614938169814
181970.08586099825	26.99645529917631	-24.121471019001575
186208.71366628676	27.018220124699738	-24.888554250447783
190546.07179632463	27.023232767743185	-25.332577548444956
194984.45997580455	27.010234298172193	-26.152195940634556
199526.2314968879	27.123029922140883	-26.954224906220105
204173.79446695297	27.111948531650725	-27.397361495731282
208929.61308540386	27.09378232953689	-28.48690178934237
213796.20895022326	27.14790826173012	-29.06163239211824
218776.16239495517	27.135252043157003	-29.889012381808868
223872.113856834	27.19401447526982	-30.969744985707493
229086.76527677724	27.097014490063977	-32.46256077489887
234422.8815319923	27.16910352987054	-32.710767389502934
239883.29190194898	27.27345032870894	-34.06477767801414
245470.8915685031	27.31504953135033	-33.379192081166984
251188.64315095797	27.030006817107832	-34.507600519303125
257039.57827688646	27.19922276119061	-37.80409326235574
263026.7991895381	27.467944717403753	-38.34319109114524
269153.4803926917	27.226514786862754	-39.46536570751847
275422.8703338166	27.072953729539215	-40.91079447716569
281838.2931264455	27.158155106959136	-40.46280066376296
288403.15031266055	27.21236746079998	-42.54765634439571
295120.9226666387	27.25351879816555	-44.553554515308065
301995.1720402016	27.32140370164959	-44.44337318313947
309029.54325135925	27.16612386899493	-44.857677737090114
316227.76601683797	27.219569737801415	-48.6498544209357
323593.6569296281	27.239016676528358	-49.54592433767462
331131.1214825911	27.239223554694515	-49.89972107593074
338844.15613920236	27.276366428920916	-52.94299320360783
346736.85045253165	27.337553823626838	-51.669578831997924
354813.3892335753	27.403612243163117	-54.77086744643645
363078.0547701014	27.222524267893313	-56.38824735993113
371535.2290971724	27.23197986004338	-58.09953182401381
380189.39632056124	27.14391335593003	-59.959699542100324
389045.1449942805	27.12287122743465	-62.12922554913934
398107.17055349733	27.092562926971052	-63.57587293463439
407380.27780411264	27.006140707854943	-65.65887725724603
416869.3834703355	26.99202458083628	-67.7351740083387
426579.5188015926	26.90029571134415	-69.74047400298711
436515.8322401661	26.83438900510268	-72.15611866727913
446683.592150963	26.740393445974753	-74.11734996461784
457088.1896148752	26.592427207328477	-76.1138173551158
467735.1412871981	26.544295698419212	-78.59199774657874
478630.09232263855	26.45570695263235	-81.23494643520839
489778.81936844613	26.248763992660983	-83.37749029104903
501187.2336272725	26.090127497121966	-85.79944188787817
512861.38399136486	25.915054932229292	-87.95276577294192
524807.4602497729	25.738926486806008	-90.6339252097793
537031.7963702526	25.606645319238076	-93.18844587118275
549540.8738576248	25.43730400834175	-95.40766298604794
562341.325190349	25.082490667837483	-97.4408727945615
575439.9373371566	24.83500722373354	-99.6936839347241
588843.655355589	24.590318592421948	-103.0636240464041
602559.5860743575	24.36550980932769	-104.80314456151157
616595.0018614822	24.149575652845133	-107.26348939761895
630957.344480193	23.851837338881126	-109.54596132270163
645654.2290346556	23.552571029445602	-111.8842123194117
660693.4480075957	23.254090646799156	-113.8526928826262
676082.9753919819	22.944220024300552	-116.3624440005944
691830.9709189363	22.628289458141335	-118.39071115003432
707945.7843841381	22.256515667153064	-120.39693549778144
724435.9600749899	21.910819987526125	-122.53224229430651
741310.2413009177	21.577587091031646	-124.32950970672678
758577.5750291835	21.18773430928417	-126.17412157626667
776247.1166286919	20.889001515548347	-128.11068448635297
794328.2347242814	20.520390854051307	-129.8575055310514
812830.5161640996	20.124561817208434	-131.59127733005045
831763.7711026708	19.756649077752673	-133.26110694067359
851138.0382023768	19.37459133277512	-134.7606585677828
870963.5899560805	18.98000085721016	-136.4538525056015
891250.9381337459	18.603863375205766	-138.240010250944
912010.8393559096	18.24084902360956	-139.73059547492244
933254.3007969914	17.752124267057003	-141.1980528641544
954992.5860214359	17.423101400572705	-142.41699405782504
977237.2209558111	17.016283858899808	-143.77695123723402
1e+06	16.63627158620338	-145.20273007694965
