Vs	Is
4.0	0.00528838858008385
4.1	0.00529631413519382
4.2	0.0053031793795526
4.3	0.00530972424894571
4.4	0.00531210238113999
4.5	0.00531542813405395
4.6	0.00532024027779698
4.7	0.0053245211020112
4.8	0.00533030275255442
4.9	0.00533610209822655
5.0	0.00534202484413981
5.1	0.00534840999171138
5.2	0.00535467360168695
5.3	0.00536187551915646
5.4	0.00536926090717316
5.5	0.00537683861330152
5.6	0.00538389757275581
5.7	0.00539194000884891
5.8	0.00539957685396075
5.9	0.0054075256921351
6.0	0.0054159970022738
6.1	0.00542433373630047
6.2	0.00543266208842397
6.3	0.00544129172340035
6.4	0.00544926524162292
6.5	0.00545850349590182
6.6	0.00546730449423194
6.7	0.00547583168372512
6.8	0.00548457307741046
6.9	0.00549371866509318
7.0	0.00550285400822759
7.1	0.00551133789122105
7.2	0.00552108371630311
7.3	0.00553029635921121
7.4	0.00553940190002322
7.5	0.00554890744388103
7.6	0.00555845210328698
7.7	0.00556747848168015
7.8	0.00557661755010486
7.9	0.00558650912716985
8.0	0.00559654459357262
8.1	0.00560641242191195
8.2	0.00561637850478292
8.3	0.00562606705352664
8.4	0.0056353653781116
8.5	0.00564490398392081
8.6	0.00565524073317647
8.7	0.00566480914130807
8.8	0.00567489629611373
8.9	0.00568503839895129
9.0	0.00569471577182412
9.1	0.00570504833012819
9.2	0.00571482349187136
9.3	0.00572555093094707
9.4	0.00573560642078519
9.5	0.0057457541115582
9.6	0.00575597584247589
9.7	0.0057664280757308
9.8	0.0057767778635025
9.9	0.00578716909512877
10.0	0.00579719664528966
10.1	0.00580706959590316
10.2	0.00581801822409034
10.3	0.00582818454131484
10.4	0.00583837321028113
10.5	0.00584861543029547
10.6	0.00586093869060278
10.7	0.0058711739256978
10.8	0.00588182359933853
10.9	0.00589248118922114
11.0	0.00590341957286
11.1	0.00591396167874336
11.2	0.00592446466907859
11.3	0.00593512644991279
11.4	0.00594638288021088
11.5	0.00595724117010832
11.6	0.00596794346347451
11.7	0.00597940851002932
11.8	0.00599073013290763
11.9	0.00600166246294975
12.0	0.00601251143962145
Vs	Is
4.0	0.005284592974931
4.1	0.00529144564643502
4.2	0.00529857771471143
4.3	0.00530488649383187
4.4	0.00530751189216971
4.5	0.00531014474108815
4.6	0.00531461928039789
4.7	0.00531970057636499
4.8	0.00532564800232649
4.9	0.0053313416428864
5.0	0.00533769279718399
5.1	0.00534402066841722
5.2	0.00535013014450669
5.3	0.00535703683272004
5.4	0.00536435982212424
5.5	0.00537122879177332
5.6	0.00537936575710773
5.7	0.00538700167089701
5.8	0.00539463944733143
5.9	0.00540276523679495
6.0	0.00541099812835455
6.1	0.00541914766654372
6.2	0.00542725855484605
6.3	0.00543529167771339
6.4	0.00544419791549444
6.5	0.0054528433829546
6.6	0.0054617952555418
6.7	0.00547113735228777
6.8	0.00548002636060119
6.9	0.00548894749954343
7.0	0.00549795152619481
7.1	0.00550691969692707
7.2	0.00551583431661129
7.3	0.00552555080503225
7.4	0.00553462374955416
7.5	0.00554409436881542
7.6	0.00555378524586558
7.7	0.00556274643167853
7.8	0.00557249318808317
7.9	0.00558175286278129
8.0	0.00559143209829926
8.1	0.00560090458020568
8.2	0.00561109511181712
8.3	0.00562100671231747
8.4	0.0056296237744391
8.5	0.00564026553183794
8.6	0.00565026886761189
8.7	0.00565973715856671
8.8	0.00566953932866454
8.9	0.00567968050017953
9.0	0.00568946450948715
9.1	0.00569995772093534
9.2	0.00570960296317935
9.3	0.00572326732799411
9.4	0.00573356589302421
9.5	0.00574395479634404
9.6	0.00575370760634542
9.7	0.00576300593093038
9.8	0.0057736374437809
9.9	0.00578351737931371
10.0	0.00579221546649933
10.1	0.00580368516966701
10.2	0.00581472925841808
10.3	0.00582504970952868
10.4	0.00583558948710561
10.5	0.00584577023983002
10.6	0.0058564068749547
10.7	0.00586687307804823
10.8	0.00587799400091171
10.9	0.00588862504810095
11.0	0.00589973106980324
11.1	0.00591010367497802
11.2	0.00592103973031044
11.3	0.00593203911557794
11.4	0.00594307715073228
11.5	0.00595419062301517
11.6	0.00596453063189983
11.7	0.00597584713250399
11.8	0.00598728703334928
11.9	0.00599853368476033
12.0	0.0060093286447227
Vs	Is
4.0	0.00527644762769341
4.1	0.00528276991099119
4.2	0.00529032945632935
4.3	0.0052960067987442
4.4	0.00529936607927084
4.5	0.00530241290107369
4.6	0.00530711794272065
4.7	0.00531163951382041
4.8	0.00531747611239553
4.9	0.00532330852001905
5.0	0.00532967550680041
5.1	0.0053360341116786
5.2	0.00534245884045959
5.3	0.0053494842723012
5.4	0.00535610364750028
5.5	0.00536348158493638
5.6	0.00537085486575961
5.7	0.00537829380482435
5.8	0.00538717908784747
5.9	0.00539515074342489
6.0	0.00540349446237087
6.1	0.00541177298873663
6.2	0.00542077934369445
6.3	0.00542935263365507
6.4	0.00543815130367875
6.5	0.00544727733358741
6.6	0.005455506965518
6.7	0.00546450773254037
6.8	0.00547246169298887
6.9	0.00548143917694688
7.0	0.00549081992357969
7.1	0.00549997854977846
7.2	0.00550870504230261
7.3	0.00551826832816005
7.4	0.005527772475034
7.5	0.0055371280759573
7.6	0.00554624013602734
7.7	0.00555608747527003
7.8	0.00556545471772552
7.9	0.00557549204677343
8.0	0.00558516569435596
8.1	0.00559476483613253
8.2	0.00560389598831534
8.3	0.00561320642009377
8.4	0.00562309846282005
8.5	0.00563303614035249
8.6	0.00564318988472223
8.7	0.00565325189381838
8.8	0.00566352112218738
8.9	0.00567386671900749
9.0	0.00568593665957451
9.1	0.005695098079741
9.2	0.00570507533848286
9.3	0.00571549311280251
9.4	0.00572458561509848
9.5	0.00573542481288314
9.6	0.00574587611481547
9.7	0.00575640052556992
9.8	0.00576709536835551
9.9	0.00577599462121725
10.0	0.00578687759116292
10.1	0.00579762924462557
10.2	0.00580842467024922
10.3	0.00581875257194042
10.4	0.00582860549911857
10.5	0.00583905959501863
10.6	0.00585000170394778
10.7	0.0058603691868484
10.8	0.00587100395932794
10.9	0.00588162941858172
11.0	0.00589257292449474
11.1	0.00590324075892568
11.2	0.00591413350775838
11.3	0.00592513242736459
11.4	0.00593657419085503
11.5	0.00594770256429911
11.6	0.00595842814072967
11.7	0.00596945686265826
11.8	0.00598012330010533
11.9	0.00599118554964662
12.0	0.00600318564102054
Vs	Is
4.0	0.0052599823102355
4.1	0.00526758888736367
4.2	0.00527475262060761
4.3	0.00528030004352331
4.4	0.00528335105627775
4.5	0.00528778368607163
4.6	0.00529197137802839
4.7	0.00529721332713962
4.8	0.00530301500111818
4.9	0.00530903367325664
5.0	0.00531514873728156
5.1	0.00532193342223763
5.2	0.00532804895192385
5.3	0.00533506646752357
5.4	0.00534324254840612
5.5	0.00535027636215091
5.6	0.00535867037251592
5.7	0.00536627182736993
5.8	0.00537408469244838
5.9	0.00538230361416936
6.0	0.00539061333984137
6.1	0.00539925368502736
6.2	0.00540828052908182
6.3	0.00541686452925205
6.4	0.00542554026469588
6.5	0.00543408701196313
6.6	0.00544317252933979
6.7	0.0054513537324965
6.8	0.00546124670654535
6.9	0.00546995038166642
7.0	0.00547907268628478
7.1	0.00548829324543476
7.2	0.0054979738779366
7.3	0.00550725124776363
7.4	0.00551704596728086
7.5	0.00552634475752711
7.6	0.00553586287423968
7.7	0.00554561428725719
7.8	0.00555481901392341
7.9	0.0055640353821218
8.0	0.00557393440976739
8.1	0.00558421760797501
8.2	0.0055936798453331
8.3	0.00560439471155405
8.4	0.00561482319608331
8.5	0.00562448380514979
8.6	0.00563427992165089
8.7	0.00564412120729685
8.8	0.00565433548763394
8.9	0.00566427921876311
9.0	0.00567445205524564
9.1	0.00568504678085446
9.2	0.00569489924237132
9.3	0.00570549257099628
9.4	0.00571610406041145
9.5	0.00572622567415237
9.6	0.00573638966307044
9.7	0.00574674131348729
9.8	0.00575763313099742
9.9	0.00576802808791399
10.0	0.00577857811003923
10.1	0.00578910810872912
10.2	0.00579928047955036
10.3	0.00581013644114137
10.4	0.00582082476466894
10.5	0.00583151215687394
10.6	0.00584243470802903
10.7	0.00585306202992797
10.8	0.00586370006203651
10.9	0.00587451970204711
11.0	0.00588495284318924
11.1	0.00589642627164721
11.2	0.0059072207659483
11.3	0.00591802876442671
11.4	0.00592891965061426
11.5	0.00594000238925219
11.6	0.00595129188150167
11.7	0.00596196530386806
11.8	0.00597327947616577
11.9	0.00598421134054661
12.0	0.00599523819983006
Vs	Is
4.0	0.00518038682639599
4.1	0.00518983183428645
4.2	0.005199383944273
4.3	0.00520599680021405
4.4	0.00521163502708077
4.5	0.00521718477830291
4.6	0.00522479554638267
4.7	0.00523154297843575
4.8	0.00523929530754685
4.9	0.00524752866476774
5.0	0.00525581976398826
5.1	0.0052641429938376
5.2	0.00527273723855615
5.3	0.00528105720877647
5.4	0.00529038300737739
5.5	0.00529888411983848
5.6	0.00530762039124966
5.7	0.00531754270195961
5.8	0.00532680051401258
5.9	0.00533640338107944
6.0	0.00534585397690535
6.1	0.00535542331635952
6.2	0.00536427553743124
6.3	0.00537456339225173
6.4	0.00538312224671245
6.5	0.00539044197648764
6.6	0.00540063437074423
6.7	0.00541003188118339
6.8	0.00542046129703522
6.9	0.00542978430166841
7.0	0.00543984584510326
7.1	0.00544996093958616
7.2	0.00546011468395591
7.3	0.00547002023085952
7.4	0.00547991925850511
7.5	0.00549015402793884
7.6	0.00550049496814609
7.7	0.00551067059859633
7.8	0.0055209887214005
7.9	0.00553124211728573
8.0	0.00554186664521694
8.1	0.00555194169282913
8.2	0.00556172337383032
8.3	0.00557192135602236
8.4	0.0055826622992754
8.5	0.00559323979541659
8.6	0.00560334650799632
8.7	0.00561383040621877
8.8	0.00562429800629616
8.9	0.0056349323131144
9.0	0.00564490677788854
9.1	0.00565566075965762
9.2	0.00566558539867401
9.3	0.00567656941711903
9.4	0.00568747287616134
9.5	0.00569769088178873
9.6	0.00570904742926359
9.7	0.00572029501199722
9.8	0.00573112955316901
9.9	0.00574254849925637
10.0	0.00575336348265409
10.1	0.00576399546116591
10.2	0.0057754497975111
10.3	0.00578611716628075
10.4	0.00579653633758426
10.5	0.005807566922158
10.6	0.00581924291327596
10.7	0.00583001552149653
10.8	0.0058412216603756
10.9	0.00585253350436687
11.0	0.00586331030353904
11.1	0.00587428780272603
11.2	0.00588504131883383
11.3	0.00589665817096829
11.4	0.00590826198458672
11.5	0.00591928465291858
11.6	0.00593091687187552
11.7	0.00594242522493005
11.8	0.00595340086147189
11.9	0.0059648510068655
12.0	0.00597632303833961
