Frequency (Hz)	Channel 2 Magnitude (dB)	Channel 2 Phase (deg)
100	26.905290681050737	-0.047723326942275435
102.32929922807536	26.915225555954652	0.0015448858703592805
104.71285480508996	26.919269188808347	0.004135849616117682
107.15193052376058	26.91618548348711	0.022412730626157895
109.64781961431852	26.915183897792417	-0.02502062539711858
112.2018454301963	26.915271059966255	-0.016825973312871056
114.8153621496883	26.908641168733503	0.0043395774585519575
117.48975549395291	26.905769871092687	-0.06729993878831664
120.22644346174131	26.904722647656143	-0.0037806539256912686
123.02687708123811	26.916282346295034	-0.006079491113446522
125.89254117941674	26.905059313394176	-0.044936319473606545
128.82495516931337	26.9041568501438	-0.0733769879518178
131.82567385564073	26.906870649001906	-0.07897114759461488
134.89628825916535	26.913280816398633	-0.03647055863731907
138.03842646028852	26.912737647318835	-0.013752603419064258
141.2537544622754	26.924014535103428	-0.020959158369775466
144.5439770745928	26.91237958684696	-0.005641886198077373
147.91083881682073	26.91280150970488	-0.041729015446705375
151.35612484362088	26.91090579091462	-0.045276381479375516
154.88166189124811	26.91619226845626	-0.018421621608041505
158.48931924611142	26.911452540135553	-0.02144588746786269
162.18100973589299	26.908778193823473	-0.08190655955344539
165.95869074375616	26.90997743857107	-0.045377980771888815
169.82436524617444	26.90646197533355	-0.0455203695511841
173.78008287493762	26.904086529570822	-0.043813041586545864
177.82794100389228	26.915910339283784	-0.04249950474718389
181.97008586099827	26.912304120598197	-0.04634626547260723
186.20871366628677	26.911713061366093	-0.05772134801839002
190.5460717963248	26.916345372146814	-0.06610364669771229
194.98445997580455	26.903716745221224	-0.027998772531006466
199.52623149688787	26.916928070568517	-0.04143861408051208
204.17379446695296	26.90694111478711	-0.08878353534536387
208.92961308540387	26.914178966467794	-0.11649057873588481
213.79620895022325	26.908715675159733	-0.058954425675352695
218.77616239495518	26.91191059162684	-0.025247502610064032
223.872113856834	26.906248096971638	-0.10732883211255739
229.08676527677724	26.90455230214113	-0.029112819007380608
234.42288153199226	26.90943313845768	-0.06850087379764602
239.88329190194898	26.906618642031752	-0.0029284492342753765
245.47089156850313	26.908054964202893	-0.011446771415033474
251.18864315095794	26.913296105028856	-0.05017728937734489
257.03957827688646	26.91412817047376	-0.0435276686683892
263.02679918953817	26.911420269087586	-0.07338074124375282
269.1534803926917	26.910797263520738	-0.04822096656128849
275.4228703338166	26.913125516028884	-0.053023655794248725
281.8382931264455	26.904754158480305	-0.07683722862817888
288.40315031266056	26.913963168333595	-0.061265605078162366
295.1209226666384	26.9153181981563	-0.028710003102943915
301.99517204020157	26.905974155449194	-0.002105010302699384
309.0295432513592	26.906784868695986	-0.06377888476934856
316.22776601683796	26.91110490003671	-0.049618155655458906
323.5936569296281	26.91282862190228	-0.020645344938259313
331.1311214825911	26.9131949139353	-0.09972612282246729
338.8441561392027	26.91440456213045	-0.007936269715017374
346.7368504525317	26.911311034307698	-0.07471471108982541
354.8133892335753	26.907184424293344	-0.07821211054427124
363.0780547701014	26.9083477658697	-0.08322851089584304
371.5352290971724	26.909249982868904	-0.04804710750889285
380.18939632056123	26.912675535080083	-0.05959580913095408
389.0451449942805	26.915279696433764	-0.075887241557691
398.1071705534973	26.91554622706477	0.01247429020234847
407.3802778041126	26.908469421528135	-0.10083750028184557
416.8693834703355	26.925147091766995	-0.12509606201510337
426.5795188015926	26.915601862931673	-0.08664548451450571
436.5158322401661	26.898208608170002	-0.09384392141262765
446.683592150963	26.905621508053294	0.0037116536174295334
457.0881896148752	26.900936459068507	-0.09160444070886342
467.73514128719813	26.901598580673305	-0.08110403025010271
478.6300923226385	26.910646713377183	-0.06225915472575139
489.7788193684461	26.911272858928843	-0.09434097022219134
501.1872336272725	26.90991189572926	-0.13912234270586765
512.8613839913648	26.91464404906149	-0.017706307682402667
524.8074602497722	26.91353129479223	-0.13152715504185153
537.0317963702527	26.901137912880806	-0.07968537554197042
549.5408738576248	26.9125104660051	-0.10747604033241487
562.3413251903492	26.910511218696232	-0.12082434797072494
575.4399373371566	26.910737512729224	-0.07353577554415658
588.8436553555889	26.90946041265242	-0.08536284543458805
602.5595860743581	26.9027476285817	-0.06177495142704714
616.5950018614823	26.89654757965343	-0.16079387832721181
630.957344480193	26.910185024999013	-0.1739928264425572
645.6542290346556	26.908853087241905	-0.11208256049641108
660.6934480075957	26.915331232743085	-0.10136215621709255
676.0829753919819	26.907244716606048	-0.1604030153499263
691.8309709189363	26.90501208885166	-0.13627814257037585
707.945784384138	26.91647362720243	-0.08971756126190655
724.4359600749898	26.90685167412242	-0.09542778571293731
741.3102413009177	26.89903205792197	-0.12964083918097202
758.5775750291835	26.91152425707199	-0.14762093617653704
776.247116628692	26.913423746658435	-0.11216499940141489
794.3282347242813	26.91475468012809	-0.17027730579530953
812.8305161640994	26.912125868423814	-0.1365615825706552
831.7637711026708	26.89573684014078	-0.1280116547773531
851.1380382023768	26.917482613852357	-0.16079116388200987
870.9635899560805	26.907940644239467	-0.18536538823369142
891.2509381337459	26.90317462868468	-0.09957627668255498
912.0108393559096	26.90761028602928	-0.19179633024778298
933.2543007969905	26.906664411357543	-0.08459019516635635
954.992586021436	26.895800539037854	-0.12791718909679162
977.2372209558112	26.907339364912474	-0.1757695498735039
1000	26.914721709683953	-0.17124287420156747
1023.2929922807535	26.910555917406622	-0.1717090520132274
1047.1285480508996	26.924880894399095	-0.1617105216067216
1071.519305237607	26.896257735226325	-0.24277383639989125
1096.4781961431852	26.906031423755454	-0.1291511238985379
1122.018454301963	26.897724534272413	-0.19035134009691035
1148.1536214968828	26.90993915306425	-0.17473087974645551
1174.8975549395304	26.899785778119544	-0.21477901652028208
1202.264434617413	26.90406817428935	-0.2486874825600296
1230.2687708123813	26.901684377894917	-0.19720126884047495
1258.9254117941675	26.91663482360729	-0.18807033944707996
1288.249551693135	26.897149094385387	-0.22164830751981413
1318.2567385564075	26.91401677695797	-0.1703785590930238
1348.9628825916532	26.905166896945744	-0.24368364263586884
1380.3842646028838	26.9123249034261	-0.17608117696609327
1412.537544622754	26.902582232330335	-0.25119361818957486
1445.439770745928	26.908920659327084	-0.18642990350599575
1479.1083881682073	26.902602704362675	-0.2462781455152765
1513.5612484362073	26.90491325335411	-0.1951798286690689
1548.816618912481	26.903673788151163	-0.19638428656941898
1584.893192461114	26.89381915210018	-0.2500331622938887
1621.8100973589296	26.910403967410378	-0.2770365969732751
1659.5869074375598	26.897220494406856	-0.26679702462868704
1698.2436524617442	26.905320193950082	-0.2513941493247387
1737.8008287493763	26.897147171030966	-0.24520422669931463
1778.2794100389228	26.914500379050597	-0.25578832682221275
1819.7008586099826	26.894093243499846	-0.3089010385609612
1862.0871366628676	26.90204905302229	-0.3033585573356188
1905.4607179632483	26.899452028175435	-0.29340877407727817
1949.8445997580457	26.897299518432437	-0.2103223776438341
1995.2623149688789	26.898161531888668	-0.26570791551569073
2041.7379446695297	26.904719074348947	-0.34545815517643064
2089.2961308540407	26.903323269568805	-0.335510797175381
2137.9620895022326	26.897635582701525	-0.3309008327638594
2187.761623949552	26.905697565474785	-0.3827508668617554
2238.72113856834	26.895608006351917	-0.39634321001025796
2290.8676527677744	26.915880605202034	-0.3891763717263004
2344.2288153199224	26.90738102220498	-0.3573016055707221
2398.83291901949	26.901012763208442	-0.3799018414566149
2454.7089156850284	26.897637805849406	-0.3805316446697873
2511.8864315095793	26.917141922254928	-0.3932326229298013
2570.3957827688646	26.89342192191555	-0.4151128141923479
2630.2679918953813	26.905029763883746	-0.38565217188139655
2691.534803926914	26.923917278138	-0.3602607890296383
2754.228703338166	26.89272417677789	-0.4288339280857656
2818.382931264455	26.906173395935717	-0.45465493680002966
2884.0315031266055	26.88898232789156	-0.48224618266391417
2951.2092266663844	26.90428764867162	-0.438627280245683
3019.9517204020162	26.90736674719879	-0.5277048289599264
3090.295432513592	26.89425075269153	-0.41412410830500335
3162.2776601683795	26.890792356853126	-0.49244204912974965
3235.936569296281	26.908865510749767	-0.47879042905896085
3311.311214825911	26.897291073004904	-0.5003403984096622
3388.4415613920273	26.88957809408653	-0.4862953473315059
3467.368504525317	26.90478103971147	-0.5149901201361331
3548.1338923357534	26.896120058251892	-0.46990160519396795
3630.780547701014	26.880599599127883	-0.5564541304951156
3715.352290971728	26.89417612084188	-0.48983046127693797
3801.8939632056126	26.88670804019233	-0.6106736370150543
3890.451449942805	26.885661636418053	-0.5103545308260955
3981.0717055349733	26.8954497632048	-0.5295357457000591
4073.8027780411303	26.888239254489505	-0.5801096079538581
4168.693834703356	26.901575302032285	-0.5608389129441775
4265.795188015926	26.88314702655977	-0.6267342174336932
4365.158322401657	26.887480108975677	-0.655243514560949
4466.835921509631	26.87462619013157	-0.6454314132741672
4570.881896148752	26.901513496454577	-0.5902810076137825
4677.351412871981	26.896014358754798	-0.7688529394184158
4786.30092322638	26.894421353411563	-0.7303632551556092
4897.788193684461	26.8846327236404	-0.6434636421174673
5011.872336272725	26.894538998512036	-0.768174614915921
5128.613839913648	26.90680445770408	-0.7671464668322585
5248.0746024977225	26.891483824184444	-0.7179929419511382
5370.317963702527	26.900743459096464	-0.6857386925830724
5495.408738576248	26.904111198511803	-0.7422101388549329
5623.413251903491	26.888964687782682	-0.7258323739330059
5754.399373371567	26.885440827567443	-0.7868378969354382
5888.43655355589	26.884260175404044	-0.8405340073929324
6025.5958607435805	26.88635591704246	-0.8435527199808064
6165.9500186148225	26.900284199963576	-0.9264681496960776
6309.57344480193	26.888756591420787	-0.8837136299737836
6456.542290346556	26.89652601851847	-0.8706462898038154
6606.9344800759645	26.880615085446735	-0.9798364353229658
6760.829753919818	26.889582373558376	-0.9706362048208916
6918.309709189362	26.89906421650037	-0.9925231943779522
7079.45784384138	26.88081550094286	-0.8702452376574001
7244.359600749906	26.89221233937621	-1.0464783656305343
7413.102413009176	26.887653888224825	-1.1161919102443392
7585.775750291836	26.887499812397127	-1.0557198362951397
7762.471166286911	26.874522223974026	-1.144379002486943
7943.282347242814	26.89409018479467	-1.1373205100995065
8128.305161640995	26.872003618431354	-1.1353661688675345
8317.63771102671	26.861433360262893	-1.0817283069061716
8511.380382023759	26.887826293665242	-1.091037319053715
8709.635899560804	26.890221888568355	-1.176235353452391
8912.509381337459	26.879307921145394	-1.1635307624157036
9120.108393559096	26.873025688977318	-1.251147217421476
9332.543007969905	26.876078020741176	-1.2190790981472288
9549.925860214358	26.891823572874944	-1.358907651118514
9772.372209558112	26.88142501826475	-1.3189705494328892
10000	26.87546297914183	-1.2860959314690295
10232.929922807536	26.87927962627954	-1.29888935561263
10471.285480508996	26.887128492650056	-1.3341045035571835
10715.19305237606	26.873951471245753	-1.4316902496940287
10964.78196143185	26.88246319301087	-1.4648298557816446
11220.18454301963	26.879216367666444	-1.448475334769384
11481.53621496883	26.87916775668288	-1.5658914655652616
11748.97554939529	26.87799009369712	-1.510147969855396
12022.644346174131	26.882057188169618	-1.7391274434550823
12302.68770812381	26.887361605076485	-1.5606394018344858
12589.254117941675	26.881399699067128	-1.6838532453177208
12882.495516931336	26.883371176719763	-1.6532977775724476
13182.567385564074	26.885632982090524	-1.7422060186550539
13489.628825916534	26.89332582190344	-1.794735136561954
13803.842646028852	26.877497921546475	-1.7828113996408348
14125.37544622754	26.87914191786139	-1.929665594026062
14454.397707459279	26.874546491413373	-1.8400335659452907
14791.08388168207	26.861548291443555	-1.9056221011381282
15135.612484362087	26.877526471686195	-1.895533602337565
15488.166189124811	26.875118324673192	-1.909010062935181
15848.93192461114	26.875215693093626	-1.9709690604825312
16218.100973589299	26.902982334480296	-2.050450404908119
16595.869074375612	26.85986312050207	-2.118827954979338
16982.436524617442	26.863793200041748	-2.193279865869954
17378.00828749376	26.872191659179965	-2.255453248180679
17782.79410038923	26.864830167608616	-2.4121021421374564
18197.008586099826	26.879798934205287	-2.3886130814296678
18620.871366628675	26.886429321647498	-2.414194432841711
19054.60717963246	26.865074995030938	-2.4901963960932534
19498.445997580457	26.86579317796829	-2.4793381881810035
19952.62314968879	26.884634867249105	-2.4864540717398143
20417.379446695293	26.870443840829953	-2.6530611807684465
20892.961308540387	26.880228603617272	-2.603074391508931
21379.620895022326	26.858243744110762	-2.7424099387909706
21877.61623949552	26.86150455944796	-2.755217635997596
22387.2113856834	26.883528137798027	-2.7805698734071314
22908.676527677722	26.85998045373399	-2.855920462432394
23442.288153199228	26.869289482625792	-2.8860241183262048
23988.329190194898	26.852488470790714	-3.074961858730383
24547.08915685031	26.87421568312704	-3.092344222693214
25118.864315095794	26.86126013690274	-3.150035196564417
25703.957827688646	26.88252972267233	-3.5263444081791135
26302.679918953814	26.857814455737085	-3.139009034704358
26915.348039269167	26.88338119110519	-3.3236269760524024
27542.28703338166	26.873684534047726	-3.442540459057202
28183.82931264455	26.865508687090994	-3.362425125336898
28840.31503126606	26.84663467839201	-3.545149914918568
29512.092266663873	26.86174888029901	-3.806800284923142
30199.51720402016	26.85267121446858	-3.7982371325194464
30902.95432513592	26.891330949520984	-4.00264241581708
31622.776601683792	26.88427839097077	-3.920209237398822
32359.365692962812	26.861725132681094	-4.107232874964929
33113.11214825911	26.823335932096846	-4.114815129730275
33884.41561392024	26.8622493756536	-4.4077786872704685
34673.685045253165	26.90346824263837	-4.128988152386185
35481.33892335753	26.888710816308716	-4.361322141163527
36307.80547701014	26.857124657051827	-4.414624864486882
37153.52290971724	26.88168471928863	-4.759109906516812
38018.93963205612	26.912629411100546	-4.672693691300836
38904.51449942805	26.89873065640182	-4.770628299178043
39810.717055349734	26.92690983865255	-5.031659792368133
40738.02778041126	26.856568985359537	-5.130844140439429
41686.938347033545	26.860658594686726	-5.289696970243881
42657.95188015926	26.888086483566795	-5.401093131207659
43651.58322401661	26.844190325520426	-5.653751197224068
44668.3592150963	26.86921102127821	-5.509886108265874
45708.81896148752	26.83597686102769	-5.565045348876538
46773.51412871981	26.863635671490144	-6.179679346585111
47863.00923226385	26.849214326215897	-6.263255693937666
48977.88193684462	26.813590010299503	-6.108308691962101
50118.72336272725	26.869657879962677	-6.259531533122839
51286.138399136486	26.81963873202315	-6.548342152578396
52480.746024977285	26.799906641431967	-6.308680325341541
53703.17963702527	26.892060351178053	-6.932910745855565
54954.08738576248	26.852084723528137	-6.493933714277404
56234.13251903491	26.85431935502709	-6.907421470507046
57543.993733715666	26.86413691133355	-7.4167638259455515
58884.3655355589	26.881270132296507	-7.324222426275979
60255.95860743574	26.88271193018831	-7.453413800704169
61659.50018614822	26.848076941677917	-7.430738001861471
63095.734448019306	26.84508695802377	-8.003720301186831
64565.422903465565	26.824309450060284	-7.8291609922513175
66069.34480075957	26.884344387171353	-7.957751002635398
67608.29753919819	26.83485251514562	-8.273310199459743
69183.09709189364	26.855607144462486	-8.394483485080542
70794.5784384138	26.82246629799765	-8.55210130505094
72443.59600749899	26.815093870551024	-8.814933429547857
74131.02413009177	26.83628163621767	-9.131905168217315
75857.75750291836	26.835048379849905	-9.33640589517642
77624.71166286919	26.823206682691215	-9.437583856700371
79432.82347242814	26.899491659481562	-9.548441539777116
81283.05161640994	26.870459610688382	-9.573829955939985
83176.37711026709	26.854051430263087	-9.877804665063849
85113.80382023768	26.868182708989327	-10.260688398302193
87096.35899560805	26.84537608647559	-10.56346289429925
89125.0938133746	26.842285479386334	-10.939833968243477
91201.08393559097	26.88009790546644	-11.15412955651881
93325.43007969914	26.873939587713256	-11.534560921499853
95499.25860214359	26.889651544619937	-11.613322942025889
97723.7220955811	26.856552518296247	-11.515183315424522
100000	26.8633937334422	-11.96825821203425
102329.29922807537	26.885270488577184	-12.2172477412862
104712.85480508996	26.833864688880922	-12.825006013282092
107151.9305237606	26.876464487368693	-13.091043712799504
109647.8196143185	26.877878092404053	-13.195576665841642
112201.8454301963	26.84856692316504	-13.804598214055332
114815.3621496883	26.898370597266158	-13.984966140026948
117489.7554939529	26.859258800492608	-14.336463412654666
120226.44346174132	26.88940578717198	-14.61979000120428
123026.87708123811	26.946973976995295	-14.899071428732007
125892.54117941676	26.878791533001397	-15.243733475239495
128824.95516931335	26.942385003557007	-15.75087199475712
131825.67385564072	26.89961466033584	-16.005450735238114
134896.28825916533	26.90316293176214	-16.353442755597058
138038.42646028852	26.916877171974875	-16.629179183071585
141253.7544622754	26.946835305912348	-16.819005531572934
144543.97707459278	26.931877890802184	-17.770901931273784
147910.8388168207	26.965172314474017	-18.136015869438594
151356.12484362087	26.938315736285652	-18.65673998335249
154881.6618912481	26.969593092975842	-19.193969255722976
158489.31924611144	26.95715085158181	-19.420331434108547
162181.00973589296	26.98149806067725	-19.770977302363697
165958.69074375613	26.970222615024205	-20.389171855218706
169824.36524617442	26.96085538866397	-20.992575888783307
173780.08287493762	27.005983148644916	-21.44698405657696
177827.94100389228	27.019360342884436	-22.18910545115827
181970.08586099825	27.008758845788105	-22.597756940317907
186208.71366628676	27.029962010000922	-23.376940791518038
190546.07179632463	27.01486145859355	-23.7006159904709
194984.45997580455	27.036820992546367	-24.711818764854172
199526.2314968879	27.081711930168062	-25.548971486962913
204173.79446695297	27.1298064223387	-25.966704682761552
208929.61308540386	27.103982595586903	-26.40576938174206
213796.20895022326	27.02852192772839	-27.12325262955619
218776.16239495517	27.032148829033396	-28.29819018034153
223872.113856834	27.069675380160213	-28.747894373856184
229086.76527677724	27.056537037726454	-29.953450740428362
234422.8815319923	27.2418494093396	-30.657437126069574
239883.29190194898	27.064514696851397	-30.973497929571515
245470.8915685031	27.12940132402471	-32.34537713875681
251188.64315095797	27.237698097923317	-33.073610681995476
257039.57827688646	27.08843231710079	-34.13068601054479
263026.7991895381	27.23915029079277	-34.689838910210824
269153.4803926917	27.120388283960303	-34.85262475908277
275422.8703338166	27.1882366714277	-36.86782556202769
281838.2931264455	27.07618503082169	-37.403792522542126
288403.15031266055	27.13450532807866	-38.53839269550319
295120.9226666387	27.133828934166253	-40.12793500472304
301995.1720402016	27.155767379008772	-41.32224714743779
309029.54325135925	27.151770109075343	-42.24767862692912
316227.76601683797	27.125751873535545	-43.22851642561522
323593.6569296281	27.138113974729915	-44.60216000296202
331131.1214825911	27.107189373186564	-45.81957413689155
338844.15613920236	27.06784854820359	-47.087519760023135
346736.85045253165	27.122964361717283	-48.438140486315035
354813.3892335753	27.088631251059027	-49.90240994917872
363078.0547701014	27.021628535939772	-51.44376763344554
371535.2290971724	26.981843127355944	-52.762526598582326
380189.39632056124	26.95715816069813	-54.15260282010858
389045.1449942805	26.943199694867737	-55.96694360295402
398107.17055349733	26.929686258966722	-57.59312231732645
407380.27780411264	26.883130624583657	-59.072248718442815
416869.3834703355	26.844926902085227	-60.95408047461035
426579.5188015926	26.755930822688544	-62.779931395773545
436515.8322401661	26.71701981651269	-64.45735816211109
446683.592150963	26.633824084288396	-66.26835754926279
457088.1896148752	26.518490191608073	-68.47313671247741
467735.1412871981	26.46636328490155	-70.45317888159356
478630.09232263855	26.30688922814082	-72.23570347498227
489778.81936844613	26.200948492574163	-74.06569657559078
501187.2336272725	26.08189256227838	-76.27689561149494
512861.38399136486	25.939253669735955	-77.97068122327153
524807.4602497729	25.884592502296698	-80.79085526662412
537031.7963702526	25.734222003082984	-82.84894836908164
549540.8738576248	25.57086788139513	-84.81984558125612
562341.325190349	25.41289608514631	-86.7999135355128
575439.9373371566	25.238698805976753	-89.02076680151004
588843.655355589	25.017640329328934	-91.14504319171812
602559.5860743575	24.831032667304864	-93.3768797367174
616595.0018614822	24.616413710993946	-95.6594846441919
630957.344480193	24.404211091175124	-97.83023413266447
645654.2290346556	24.105147904991227	-99.89291656710193
660693.4480075957	23.901739635801537	-102.11051222693332
676082.9753919819	23.631073341226035	-104.24421111713394
691830.9709189363	23.38693965810007	-106.2463150115244
707945.7843841381	23.092506403126514	-108.29464383556447
724435.9600749899	22.792081487915837	-110.31487809597294
741310.2413009177	22.454829729638377	-112.3108027369268
758577.5750291835	22.18371265323407	-114.29764311049267
776247.1166286919	21.8544557978616	-116.30336323363443
794328.2347242814	21.57791624447409	-118.00228239508539
812830.5161640996	21.21480628270237	-119.84606070618173
831763.7711026708	20.87694947771473	-121.54208460624821
851138.0382023768	20.566436452385975	-123.30886425826785
870963.5899560805	20.22397604441466	-125.12873402170473
891250.9381337459	19.863279446918146	-126.57567015761522
912010.8393559096	19.501434326745674	-128.3962807133398
933254.3007969914	19.140050898100437	-129.86873440910554
954992.5860214359	18.77031849231774	-131.36431641057388
977237.2209558111	18.42286718112324	-132.73052859334894
1e+06	18.07738135805822	-134.2183948454483
