Frequency (Hz)	Channel 2 Magnitude (dB)	Channel 2 Phase (deg)
100	26.808235657642946	0.01958605498940358
102.32929922807536	26.79997485792281	0.028330421259070704
104.71285480508996	26.802011083868926	-0.04534868094845024
107.15193052376058	26.809929693188085	-0.08035272720241693
109.64781961431852	26.80463576048919	-0.009264540910315588
112.2018454301963	26.81393309266395	-0.010901731534744385
114.8153621496883	26.810314855439806	-0.017440947557801678
117.48975549395291	26.813011534965696	-0.002988560436179455
120.22644346174131	26.816549920681542	-0.025953302872283923
123.02687708123811	26.812363927944176	0.0039426768138142165
125.89254117941674	26.81339531870976	-0.05857134476077874
128.82495516931337	26.81391002310519	0.008312783248030087
131.82567385564073	26.80572203254998	-0.059143081037092315
134.89628825916535	26.816469008768827	-0.005515585726556083
138.03842646028852	26.817276180346262	-0.031788873909505355
141.2537544622754	26.80957851018752	0.015478470331473204
144.5439770745928	26.810066674123235	-0.004300120026215382
147.91083881682073	26.811343844641833	0.038745037016713724
151.35612484362088	26.81115322361164	-0.017645322707522837
154.88166189124811	26.810551952170645	0.004967317694493545
158.48931924611142	26.808526842681513	-0.04547925898913263
162.18100973589299	26.8080369123589	-0.041297862105452054
165.95869074375616	26.806954930378424	-0.006343403077480048
169.82436524617444	26.81569996704368	-0.04342809846893658
173.78008287493762	26.81533458946288	0.0068538089028038485
177.82794100389228	26.815291665669072	-0.01072270239728823
181.97008586099827	26.80905761708241	-0.04104238272923055
186.20871366628677	26.807341656810774	-0.04135127291491614
190.5460717963248	26.804685006573564	-0.03773371549337767
194.98445997580455	26.817662011276987	-0.09993071822252375
199.52623149688787	26.812903030378642	0.004000763922167749
204.17379446695296	26.809690685543966	-0.03414367077084535
208.92961308540387	26.806726045783375	-0.07210104906926063
213.79620895022325	26.81134111125111	-0.010248705093175658
218.77616239495518	26.809947910679874	-0.09740957362152791
223.872113856834	26.818042323355563	-0.08211269455418346
229.08676527677724	26.80301045571969	-0.04366764040531734
234.42288153199226	26.811353543506332	-0.033042947896518626
239.88329190194898	26.805305324030904	-0.06715593890010041
245.47089156850313	26.80496316548053	-0.022243132600593185
251.18864315095794	26.804924487992523	-0.0006284322377041462
257.03957827688646	26.81140028773205	-0.07697758806737909
263.02679918953817	26.810351963409293	-0.08819595511388911
269.1534803926917	26.807101694698833	-0.03924421916406118
275.4228703338166	26.807016825889548	-0.08736068458435398
281.8382931264455	26.811011591141277	-0.06296747392136126
288.40315031266056	26.80363602915728	-0.05285986491938388
295.1209226666384	26.80757539407037	-0.05831159927055296
301.99517204020157	26.81581678047879	-0.09473407760198427
309.0295432513592	26.79643326686967	-0.09465581894996422
316.22776601683796	26.81279615336793	-0.10710128177676026
323.5936569296281	26.806749499786623	-0.07126053002740207
331.1311214825911	26.814855221326486	-0.12636535272058325
338.8441561392027	26.810800144411033	-0.019912928751040226
346.7368504525317	26.81020864769835	-0.07233439045285905
354.8133892335753	26.808314976213122	-0.03620339047132859
363.0780547701014	26.813300539692698	-0.10067757622552165
371.5352290971724	26.80737383116839	-0.039442150190012626
380.18939632056123	26.804723520531674	-0.06636149198537566
389.0451449942805	26.815741188105335	-0.047139181726450374
398.1071705534973	26.803168905307565	-0.08558412216345346
407.3802778041126	26.80718225555173	-0.12577503406041757
416.8693834703355	26.806752834770773	-0.05158314466322622
426.5795188015926	26.824848202656824	-0.06486237635323278
436.5158322401661	26.80382265882532	-0.13256247327657178
446.683592150963	26.796145274280327	-0.08310162632110973
457.0881896148752	26.81215507832071	-0.11962065658019583
467.73514128719813	26.8073799417917	-0.09795284701333173
478.6300923226385	26.817555435855866	-0.10422872245511883
489.7788193684461	26.806686997959204	-0.08814088861268488
501.1872336272725	26.812032422996918	-0.07164151412514741
512.8613839913648	26.799249452128198	-0.15231471687258136
524.8074602497722	26.809275369040574	-0.1247863351790599
537.0317963702527	26.810583457771035	-0.10516127111023027
549.5408738576248	26.811136637187932	-0.09919960342530487
562.3413251903492	26.80970697412595	-0.13269936957411232
575.4399373371566	26.810797513686815	-0.032962649676704814
588.8436553555889	26.813748957071134	-0.16314924862543023
602.5595860743581	26.81166884372523	-0.17768005587649327
616.5950018614823	26.81386858448118	-0.12299551067911807
630.957344480193	26.810537176142923	-0.1203329020655417
645.6542290346556	26.813095121072223	-0.1583560189558284
660.6934480075957	26.808528040698256	-0.12989537049084277
676.0829753919819	26.80499498607734	-0.14101590675377196
691.8309709189363	26.80569142059999	-0.1323247252228299
707.945784384138	26.81531213427938	-0.23833827965600562
724.4359600749898	26.816470450384404	-0.09644597071022076
741.3102413009177	26.809019947831505	-0.09857749945831529
758.5775750291835	26.8039731027061	-0.1466924387085271
776.247116628692	26.81155918230442	-0.1268775090241263
794.3282347242813	26.80748981859835	-0.1126232756264045
812.8305161640994	26.79886721336253	-0.09960935223418232
831.7637711026708	26.80559931606944	-0.1594052331369653
851.1380382023768	26.812732929333876	-0.23521202148515385
870.9635899560805	26.811678113120077	-0.2755451621690259
891.2509381337459	26.81638651098008	-0.21082323065703434
912.0108393559096	26.81594565128821	-0.15192845477872652
933.2543007969905	26.817433848970396	-0.21257259882150947
954.992586021436	26.814772755419504	-0.1332047590493204
977.2372209558112	26.811944286554528	-0.21022596922306747
1000	26.79803842547888	-0.30031271185629294
1023.2929922807535	26.808556429261195	-0.30203498583733435
1047.1285480508996	26.81382859358066	-0.25560969987407844
1071.519305237607	26.7915045912719	-0.2785258001995885
1096.4781961431852	26.806203782647554	-0.18645426699509926
1122.018454301963	26.814317696550688	-0.25510443926268067
1148.1536214968828	26.816855386192433	-0.1601169242370446
1174.8975549395304	26.81409881520085	-0.22224310140818915
1202.264434617413	26.804393866448976	-0.24690788780013406
1230.2687708123813	26.823287015278936	-0.19487048177798982
1258.9254117941675	26.806658336004887	-0.09736474784040183
1288.249551693135	26.813009516370872	-0.16810697526192087
1318.2567385564075	26.79603252643416	-0.2789992105924455
1348.9628825916532	26.801707370487634	-0.2582222420984692
1380.3842646028838	26.810071340103537	-0.3796784265558131
1412.537544622754	26.823035505483617	-0.21638802033132265
1445.439770745928	26.78721629576603	-0.29446852501260423
1479.1083881682073	26.809059791263184	-0.24827217370557264
1513.5612484362073	26.79156241740323	-0.2640696023153737
1548.816618912481	26.804941884907663	-0.34032086738504574
1584.893192461114	26.799680512429276	-0.24136151018137753
1621.8100973589296	26.804374728219905	-0.30104413120832874
1659.5869074375598	26.807728840879296	-0.29834290241495864
1698.2436524617442	26.807749167668547	-0.3061639507276652
1737.8008287493763	26.80291440251939	-0.3648305617928429
1778.2794100389228	26.816312361939186	-0.32445874500797345
1819.7008586099826	26.7908252880571	-0.2881603548544618
1862.0871366628676	26.80971494989749	-0.31596096423948694
1905.4607179632483	26.81336041819957	-0.2674091787580579
1949.8445997580457	26.797389475006486	-0.26661836232756286
1995.2623149688789	26.806605829625546	-0.2905616261762134
2041.7379446695297	26.800539570758612	-0.3928751623471811
2089.2961308540407	26.796359819633953	-0.3210104717668969
2137.9620895022326	26.796727271121327	-0.35063563131187436
2187.761623949552	26.786444803370927	-0.363806490379325
2238.72113856834	26.79410176682849	-0.4151702275581073
2290.8676527677744	26.79756287817836	-0.4203548832178825
2344.2288153199224	26.801326026713333	-0.4864384454147057
2398.83291901949	26.802014127536896	-0.4181199876538244
2454.7089156850284	26.797150954529393	-0.42004906352156324
2511.8864315095793	26.795597213947126	-0.3812145397938309
2570.3957827688646	26.80405704597639	-0.41966782427030314
2630.2679918953813	26.799494033653062	-0.3340787832458716
2691.534803926914	26.80030288573259	-0.5097780933304819
2754.228703338166	26.796205078525812	-0.48077265061974117
2818.382931264455	26.800132869002177	-0.40226682350960985
2884.0315031266055	26.809389740822933	-0.39142191595243503
2951.2092266663844	26.78741916120127	-0.6047753322205267
3019.9517204020162	26.80265382601986	-0.548919088190317
3090.295432513592	26.777737400974225	-0.5122685882720219
3162.2776601683795	26.796139725004892	-0.5072576485253251
3235.936569296281	26.81229965530216	-0.5675071128458171
3311.311214825911	26.779244571771272	-0.5317690125577634
3388.4415613920273	26.78253518943705	-0.5599292337050485
3467.368504525317	26.79765789028459	-0.622533556728591
3548.1338923357534	26.791577315793155	-0.538070383432725
3630.780547701014	26.782873704878316	-0.5388341790507667
3715.352290971728	26.796129611049775	-0.5406410780914825
3801.8939632056126	26.798304190047926	-0.7048270049866687
3890.451449942805	26.805823700669865	-0.6129279422778637
3981.0717055349733	26.80039912761874	-0.6709802901564075
4073.8027780411303	26.793312743938813	-0.6597388446101604
4168.693834703356	26.782970164968706	-0.6781323325454309
4265.795188015926	26.804170923365955	-0.6937918297209933
4365.158322401657	26.798308850174088	-0.7385776727552127
4466.835921509631	26.78003455746289	-0.6274494259689085
4570.881896148752	26.8051117856751	-0.7813598853280723
4677.351412871981	26.78536897774814	-0.8443925685200959
4786.30092322638	26.80051138225819	-0.7937787738921243
4897.788193684461	26.793282094915178	-0.7036679701441813
5011.872336272725	26.801043735698762	-0.8748850086693665
5128.613839913648	26.80576331095553	-0.8542524288522344
5248.0746024977225	26.78586166960696	-0.9529669177973439
5370.317963702527	26.80707393894528	-0.8747659566041364
5495.408738576248	26.78441616056951	-0.9278871097612864
5623.413251903491	26.79516828356823	-0.9609779990551459
5754.399373371567	26.79136780126042	-0.8432567524067736
5888.43655355589	26.795442852955013	-0.8531102461840305
6025.5958607435805	26.785700563350762	-0.8558034679835416
6165.9500186148225	26.78915988211793	-0.9664144114212831
6309.57344480193	26.78905703790216	-1.0566592826775079
6456.542290346556	26.78679076823817	-1.063002790053929
6606.9344800759645	26.817879293084328	-0.967679068528497
6760.829753919818	26.785576411148785	-1.154279836383921
6918.309709189362	26.778148068706003	-1.0432814833538373
7079.45784384138	26.775554309532247	-1.0686673852608983
7244.359600749906	26.76377827580129	-1.0341838768972593
7413.102413009176	26.8031678680902	-1.2349773095848988
7585.775750291836	26.789794178348266	-1.1770554922345156
7762.471166286911	26.772652259411306	-1.0613813272199195
7943.282347242814	26.77096599706251	-1.2294089439186564
8128.305161640995	26.783246640613676	-1.3368058218208034
8317.63771102671	26.80343708764247	-1.301043971945866
8511.380382023759	26.784406627797	-1.126740803447197
8709.635899560804	26.801499610024614	-1.3474133392599867
8912.509381337459	26.782195564556268	-1.4044471575007265
9120.108393559096	26.773662746127922	-1.393755879759599
9332.543007969905	26.787387877039926	-1.5897095623452486
9549.925860214358	26.782922406965085	-1.4343786136550563
9772.372209558112	26.7816253201035	-1.4471919050561013
10000	26.78356890600098	-1.517831631659682
10232.929922807536	26.770289385168738	-1.4963498678654545
10471.285480508996	26.802274433062593	-1.5621411632278637
10715.19305237606	26.76902348724024	-1.6537432599794926
10964.78196143185	26.778968225049475	-1.5754520301551054
11220.18454301963	26.76978987961188	-1.8129761381800833
11481.53621496883	26.80114690832248	-1.6868731851210583
11748.97554939529	26.785720436939577	-1.8126314382487863
12022.644346174131	26.782261469723075	-1.7138177176076965
12302.68770812381	26.780674702357853	-1.9799253530676992
12589.254117941675	26.78093996603293	-1.835903086625109
12882.495516931336	26.78527014573074	-2.0265962088934515
13182.567385564074	26.769275529728095	-1.8382985439239405
13489.628825916534	26.772429673378667	-1.9798910567571681
13803.842646028852	26.773755265129182	-2.0591740157954916
14125.37544622754	26.761695364824902	-2.00292082389603
14454.397707459279	26.768469427907256	-2.34983202817115
14791.08388168207	26.773763883192313	-2.1303164193893167
15135.612484362087	26.783723283380937	-2.2363123593248417
15488.166189124811	26.79113764964573	-2.2547912728647983
15848.93192461114	26.748807452271475	-2.2662659959148286
16218.100973589299	26.760496513754912	-2.3176433115952477
16595.869074375612	26.77518757406792	-2.453895335199306
16982.436524617442	26.76749755294955	-2.568399305253351
17378.00828749376	26.746034271622534	-2.6515058910550238
17782.79410038923	26.781171771040437	-2.652514172463219
18197.008586099826	26.792288649309285	-2.7263487265116595
18620.871366628675	26.75975523563372	-2.667801773236647
19054.60717963246	26.772730164849555	-2.752124303155938
19498.445997580457	26.770264579640056	-2.8276442826401054
19952.62314968879	26.750119060065842	-2.7954341461485086
20417.379446695293	26.773490883925845	-2.9539446619033782
20892.961308540387	26.7653947291848	-3.036794822014329
21379.620895022326	26.77346904815645	-3.144275051101779
21877.61623949552	26.805453859903654	-3.1967432128581947
22387.2113856834	26.759748457566573	-3.2081786784953295
22908.676527677722	26.772434730370904	-3.403440683237278
23442.288153199228	26.764385557930655	-3.193020698454358
23988.329190194898	26.745350589954235	-3.4959004723507547
24547.08915685031	26.763136239256127	-3.5744109025773696
25118.864315095794	26.779359053323162	-3.652887389204596
25703.957827688646	26.784374219473726	-3.7305945537640923
26302.679918953814	26.768841501243294	-3.690608792654057
26915.348039269167	26.746786637660026	-3.8484518515363675
27542.28703338166	26.756036770960723	-3.9138474224697433
28183.82931264455	26.75937056492391	-4.068127807402021
28840.31503126606	26.727430014368476	-4.11400118601513
29512.092266663873	26.7359954908803	-4.074615134886187
30199.51720402016	26.788078019396796	-4.386627108893251
30902.95432513592	26.740888287202104	-4.392127366276458
31622.776601683792	26.76309095959024	-4.490633951578232
32359.365692962812	26.73236876022248	-4.488063329519235
33113.11214825911	26.747502062681722	-4.345974329958949
33884.41561392024	26.727405339284967	-4.538041397749112
34673.685045253165	26.7507825832538	-4.845810999988544
35481.33892335753	26.741086552533403	-4.886828069934674
36307.80547701014	26.764891215012902	-5.0901696867420725
37153.52290971724	26.765809527770422	-5.192907979816766
38018.93963205612	26.7402461579457	-5.417553114909651
38904.51449942805	26.751029988895908	-5.60120675892874
39810.717055349734	26.762888958333512	-5.895759809451249
40738.02778041126	26.75134870535367	-5.721493550484041
41686.938347033545	26.72965119340595	-6.106518046375356
42657.95188015926	26.738167019947262	-6.063386414025299
43651.58322401661	26.727734846692957	-6.347373453480598
44668.3592150963	26.7689987093944	-6.466154288626782
45708.81896148752	26.67968350755208	-6.881941658435835
46773.51412871981	26.731511926388126	-6.979868924147709
47863.00923226385	26.78669204109175	-6.830549211853167
48977.88193684462	26.725144292075996	-7.198684072934286
50118.72336272725	26.73900322623629	-7.547057487671282
51286.138399136486	26.781550796725945	-7.190848795795333
52480.746024977285	26.713067402871545	-7.305634700061745
53703.17963702527	26.69393898959731	-7.569084982305554
54954.08738576248	26.66902135484271	-8.089987632407343
56234.13251903491	26.710775204855874	-8.412651165292544
57543.993733715666	26.703843418403316	-7.983111830284454
58884.3655355589	26.73067855776398	-8.190300723273282
60255.95860743574	26.723227873209588	-8.320287790204873
61659.50018614822	26.7510670276778	-8.638843466963834
63095.734448019306	26.71026105943782	-8.731763136639131
64565.422903465565	26.733406235361727	-9.250734917822456
66069.34480075957	26.705507408994063	-9.106329600403953
67608.29753919819	26.68150733612553	-9.281925564474037
69183.09709189364	26.67011900682475	-9.760481169484002
70794.5784384138	26.67455426551723	-9.737393491837523
72443.59600749899	26.68458800213644	-10.020530171453927
74131.02413009177	26.64609301166528	-10.213255463773887
75857.75750291836	26.686205992914232	-10.308482889639265
77624.71166286919	26.67209728756753	-10.95455648941478
79432.82347242814	26.67296473093141	-11.288939622358086
81283.05161640994	26.64569965254847	-11.170592003223163
83176.37711026709	26.627623799640766	-11.383323959086454
85113.80382023768	26.650826970129057	-11.575062510262967
87096.35899560805	26.672689851194207	-11.99297603204235
89125.0938133746	26.622416908778106	-12.336044500042505
91201.08393559097	26.631148153959682	-12.701681398904611
93325.43007969914	26.665080807548062	-12.916019749451323
95499.25860214359	26.639207073610777	-13.204715807295067
97723.7220955811	26.608176456629064	-13.338784851775472
100000	26.596001033824564	-13.856406785201571
102329.29922807537	26.65386841695824	-14.022448848080103
104712.85480508996	26.631617935674793	-14.15143319065227
107151.9305237606	26.62846529342818	-14.743944449385722
109647.8196143185	26.654303882634935	-14.969146706838949
112201.8454301963	26.599499827081125	-15.369523967248963
114815.3621496883	26.58588487769615	-16.16159545350223
117489.7554939529	26.622512158799875	-16.04826178332553
120226.44346174132	26.59729818188895	-16.670944210197433
123026.87708123811	26.592331077664415	-16.860833718800293
125892.54117941676	26.607064451809208	-17.552502972978566
128824.95516931335	26.61292745208359	-17.994604536493313
131825.67385564072	26.578424310763253	-18.303927707117708
134896.28825916533	26.54213838208453	-18.71399578896023
138038.42646028852	26.549680011328466	-18.929560375406535
141253.7544622754	26.546945870491314	-19.412788535577494
144543.97707459278	26.586825658100352	-19.66292863684933
147910.8388168207	26.540444051621215	-20.52250237553396
151356.12484362087	26.60359487120659	-20.521155830407125
154881.6618912481	26.550144826818038	-21.105489546549265
158489.31924611144	26.552212209926928	-21.557171236416423
162181.00973589296	26.561500201657715	-22.431389282831653
165958.69074375613	26.563719274935536	-22.957660137612272
169824.36524617442	26.483961165369962	-23.51546295065586
173780.08287493762	26.50492565037031	-23.897799528659593
177827.94100389228	26.492106649859018	-24.22196436650367
181970.08586099825	26.474679754062066	-24.996954734057653
186208.71366628676	26.42409809491193	-25.388654896385376
190546.07179632463	26.44730154066743	-25.809048615985457
194984.45997580455	26.449071535605807	-26.813735104243705
199526.2314968879	26.467194073303233	-27.352813498640838
204173.79446695297	26.509267963863145	-28.39067846433022
208929.61308540386	26.470339117321643	-28.581524869363896
213796.20895022326	26.450260387197694	-29.002900651852116
218776.16239495517	26.47793215275525	-30.360563267821544
223872.113856834	26.433073451227685	-31.216714147433066
229086.76527677724	26.42181659588685	-31.728061893478383
234422.8815319923	26.30707113267116	-31.82255107377705
239883.29190194898	26.335019238884712	-33.232915034251555
245470.8915685031	26.375386725484514	-34.12621869796429
251188.64315095797	26.325010221459443	-34.85011524032255
257039.57827688646	26.307078500258644	-35.546997361212405
263026.7991895381	26.318624125067956	-35.76324648472627
269153.4803926917	26.206446066603664	-36.81934197974354
275422.8703338166	26.221685447765232	-38.069014070933804
281838.2931264455	26.156523982602756	-39.182193172761885
288403.15031266055	26.158061490657104	-40.039839774137725
295120.9226666387	26.20853017696898	-40.492509378334034
301995.1720402016	26.14534179776273	-42.31174128927964
309029.54325135925	26.082613470985905	-42.91300109233791
316227.76601683797	26.157275164982373	-43.53490776837293
323593.6569296281	25.99019505864742	-44.303298807963074
331131.1214825911	25.93531004005753	-45.841419906844266
338844.15613920236	25.887650172004566	-46.5387018028103
346736.85045253165	25.850272897683976	-48.36557449584108
354813.3892335753	25.789646586110237	-49.05346986418057
363078.0547701014	25.751373990766385	-50.35382203964821
371535.2290971724	25.648792469702883	-51.361540207561475
380189.39632056124	25.657911133197832	-52.41476628441468
389045.1449942805	25.561406527018352	-53.49618064365649
398107.17055349733	25.480015919819934	-54.85409371087911
407380.27780411264	25.448535287846997	-56.07699021145906
416869.3834703355	25.379502408879077	-57.41355707886143
426579.5188015926	25.297747759412346	-58.40731248235408
436515.8322401661	25.240228650492927	-59.77921670413846
446683.592150963	25.147716718976454	-61.06292662070619
457088.1896148752	25.02024905995874	-62.62202327171775
467735.1412871981	24.994936580602104	-63.77032347122095
478630.09232263855	24.849547325311086	-65.14229257082599
489778.81936844613	24.774135508446644	-65.96383386111489
501187.2336272725	24.630092130199547	-68.33030783106048
512861.38399136486	24.704438512171198	-69.48376401493567
524807.4602497729	24.490224965607467	-70.42230739423607
537031.7963702526	24.420548891056523	-72.11655452407763
549540.8738576248	24.294610111039866	-73.55254121192047
562341.325190349	24.179273009202934	-75.0323161572786
575439.9373371566	24.0390160425922	-76.6872790210781
588843.655355589	23.907064604470804	-78.01167440885504
602559.5860743575	23.771603349907725	-79.4898058669607
616595.0018614822	23.669029774776345	-81.02660767596929
630957.344480193	23.524038546401545	-82.62508729430078
645654.2290346556	23.397674813108296	-84.33677018836545
660693.4480075957	23.229778762026932	-85.81504549657302
676082.9753919819	23.10576664797174	-87.50889195919893
691830.9709189363	22.9083884260061	-88.97995640082215
707945.7843841381	22.775492322770706	-90.93103521786412
724435.9600749899	22.616740321661126	-92.30846365604225
741310.2413009177	22.451539117908496	-93.87750718495914
758577.5750291835	22.247825072662913	-95.44889757925137
776247.1166286919	22.0973368775569	-97.33815188635344
794328.2347242814	21.88185922481548	-98.8943103654212
812830.5161640996	21.710487465242426	-100.59889934891115
831763.7711026708	21.500956662921077	-102.39903786704141
851138.0382023768	21.31978809512502	-103.92216012112331
870963.5899560805	21.112916191235286	-105.45452055802161
891250.9381337459	20.91771500911415	-107.55447437142018
912010.8393559096	20.70779817716427	-109.15312627559112
933254.3007969914	20.48311207702035	-110.5867649252576
954992.5860214359	20.24583139129366	-112.53915191648747
977237.2209558111	20.018777400988704	-114.28369651868707
1e+06	19.801149266960678	-115.74169983361297
