Frequency (Hz)	Channel 2 Magnitude (dB)	Channel 2 Phase (deg)
100	26.967799296178832	-0.04228364654481709
102.32929922807536	26.961971357456143	-0.02370890837481454
104.71285480508996	26.963965370909474	-0.0472711235062242
107.15193052376058	26.974343559736347	-0.0027271687281071877
109.64781961431852	26.971848016821227	0.0006247213489132264
112.2018454301963	26.97405878723117	-0.03730920548782812
114.8153621496883	26.968437526068808	0.008535989326723836
117.48975549395291	26.9605458476445	-0.026466015971919887
120.22644346174131	26.970697484218604	-0.02410121523973885
123.02687708123811	26.970672176539935	-0.02133012708340054
125.89254117941674	26.967132156657	0.011862170836195673
128.82495516931337	26.97585967897858	-0.014571423676784434
131.82567385564073	26.96363235114381	-0.027042101807495555
134.89628825916535	26.969541990937117	-0.01969411399721821
138.03842646028852	26.97141207438039	-0.03889765491021402
141.2537544622754	26.97869638295584	-0.031165405359899978
144.5439770745928	26.967663142153256	-0.00580339693028975
147.91083881682073	26.970692421290842	0.016183360264037105
151.35612484362088	26.970030169857957	-0.026668627156112734
154.88166189124811	26.966584196074272	-0.0016009259059046599
158.48931924611142	26.966603033194687	0.013162851972367662
162.18100973589299	26.966951203283827	-0.040978348017887356
165.95869074375616	26.971155240915085	0.0038687937992420984
169.82436524617444	26.97065195155579	-0.012616025767911765
173.78008287493762	26.976643073808724	-0.010329772770099055
177.82794100389228	26.973990144825528	-0.02950728409308212
181.97008586099827	26.9648414990569	-0.018159203324472628
186.20871366628677	26.96134157332886	-0.03842961480771123
190.5460717963248	26.964776581350897	-0.01828815325729316
194.98445997580455	26.978447118555117	-0.045873981398443675
199.52623149688787	26.96919170031956	0.0023489820972599773
204.17379446695296	26.972233950805578	-0.0009330184890501414
208.92961308540387	26.97617552081292	-0.017697685718324863
213.79620895022325	26.966542377125116	-0.010834050278759833
218.77616239495518	26.962519791112936	-0.08576477468196231
223.872113856834	26.97505425834548	-0.04607678820343608
229.08676527677724	26.979014867644835	-0.06030463390805796
234.42288153199226	26.96808457855076	-0.05075622270995339
239.88329190194898	26.973145907462033	-0.026249270909318057
245.47089156850313	26.971163645853675	-0.05791951200907519
251.18864315095794	26.969506739649155	-0.130871380239455
257.03957827688646	26.968086967417637	-0.019565931138131987
263.02679918953817	26.972008925909115	-0.025931812525850972
269.1534803926917	26.963986316871114	-0.06277430920471261
275.4228703338166	26.973619034616792	0.030273839173759143
281.8382931264455	26.971651876730935	-0.06084292418761095
288.40315031266056	26.968206276922764	-0.10438460721678666
295.1209226666384	26.969595940616216	-0.03217096574513789
301.99517204020157	26.972145021695955	-0.05553920433905546
309.0295432513592	26.963445017861037	-0.06068372083192486
316.22776601683796	26.976255670366264	-0.08684595932592742
323.5936569296281	26.973753060589523	-0.05779930809335099
331.1311214825911	26.965132449808543	-0.1180131532366886
338.8441561392027	26.973416540867273	-0.09316420365230993
346.7368504525317	26.968940522138634	-0.05301198341268787
354.8133892335753	26.973262728227667	-0.09001527135098009
363.0780547701014	26.966969487098073	-0.050025438870729744
371.5352290971724	26.976038298583283	-0.11868539449413618
380.18939632056123	26.978379200655084	-0.05822668848509238
389.0451449942805	26.969600569286722	-0.05454230553954176
398.1071705534973	26.976385314771125	-0.07407897966906773
407.3802778041126	26.96155649770754	-0.07928996092982743
416.8693834703355	26.970778996702855	-0.07613626122883943
426.5795188015926	26.96370145567437	-0.07270951993771746
436.5158322401661	26.9661649716271	-0.07505476006582512
446.683592150963	26.974578671262066	-0.05022363485889514
457.0881896148752	26.97201039968948	-0.031418772016252206
467.73514128719813	26.972964798727418	-0.07160001035231289
478.6300923226385	26.967056722836983	-0.1363638884428937
489.7788193684461	26.973107951565293	-0.09088399156331661
501.1872336272725	26.9616874647175	-0.0809400131490321
512.8613839913648	26.963258774830173	-0.11454658639715376
524.8074602497722	26.967953685857452	-0.09900409415376998
537.0317963702527	26.969653564566762	-0.12826975885403158
549.5408738576248	26.963001753292296	-0.14949176775567707
562.3413251903492	26.978153830122203	-0.09609031207205021
575.4399373371566	26.96943793323628	-0.12044686884736677
588.8436553555889	26.961251024235207	-0.08087874585403387
602.5595860743581	26.97086462765835	-0.10491972169732833
616.5950018614823	26.963054458670513	-0.14639905772042994
630.957344480193	26.967109548651344	-0.1538552830078359
645.6542290346556	26.971766591818064	-0.0847582511717846
660.6934480075957	26.955444771260602	-0.08165126205412321
676.0829753919819	26.963785331213117	-0.12263175616035937
691.8309709189363	26.97133692230054	-0.0713066185766138
707.945784384138	26.975952358737572	-0.08709418848924155
724.4359600749898	26.968914476333772	-0.18012118407997946
741.3102413009177	26.96702437435519	-0.05828123204577196
758.5775750291835	26.96921193847977	-0.068415520992815
776.247116628692	26.96103644422397	-0.1067112480914858
794.3282347242813	26.97474937103845	-0.13212772335417355
812.8305161640994	26.962257370034777	-0.1343273286794755
831.7637711026708	26.979157205999343	-0.11491032274774682
851.1380382023768	26.9615755346965	-0.12450455900042812
870.9635899560805	26.969397041493735	-0.1734130429587708
891.2509381337459	26.968732487125784	-0.13711627156570216
912.0108393559096	26.9587549013335	-0.15699386297734463
933.2543007969905	26.970498125867465	-0.21519602390436887
954.992586021436	26.975965814268253	-0.19854454383515474
977.2372209558112	26.96104926393652	-0.11916230763517888
1000	26.964078137102305	-0.16703975191593656
1023.2929922807535	26.96652418866018	-0.1810189887037552
1047.1285480508996	26.962899884582082	-0.22111231529601127
1071.519305237607	26.976520259795798	-0.20503816300270472
1096.4781961431852	26.972461543945517	-0.21452338312849406
1122.018454301963	26.969676422247147	-0.18990077773912617
1148.1536214968828	26.96759383271743	-0.2237447040691336
1174.8975549395304	26.971746234630345	-0.24885349719126282
1202.264434617413	26.958124413350415	-0.22846337424191177
1230.2687708123813	26.975831119732312	-0.2039085827328364
1258.9254117941675	26.96082243290819	-0.2212994288538681
1288.249551693135	26.962729976256274	-0.21910688625992236
1318.2567385564075	26.970038977212795	-0.15479898985483231
1348.9628825916532	26.96482289304733	-0.18683362908964085
1380.3842646028838	26.955795180515047	-0.14789241136185893
1412.537544622754	26.96965926478084	-0.1992408045033217
1445.439770745928	26.979423847388723	-0.1919941654968511
1479.1083881682073	26.969432248038476	-0.2793225050267836
1513.5612484362073	26.956274602121212	-0.30454627855348804
1548.816618912481	26.97142558095948	-0.21743359943859275
1584.893192461114	26.97360748682805	-0.2748091289308263
1621.8100973589296	26.95836499652506	-0.23908727394336893
1659.5869074375598	26.960157956188418	-0.19927658096136724
1698.2436524617442	26.967888383430218	-0.23442490294945628
1737.8008287493763	26.96349139958275	-0.3869800850860372
1778.2794100389228	26.96208539856432	-0.2368450130250892
1819.7008586099826	26.968724174501958	-0.28340960617945576
1862.0871366628676	26.954247741443137	-0.2759773816238038
1905.4607179632483	26.948557817471134	-0.30578443994589577
1949.8445997580457	26.96152587521061	-0.3380965533543616
1995.2623149688789	26.945287543417503	-0.2842635709710777
2041.7379446695297	26.966012890845935	-0.36383817012563213
2089.2961308540407	26.970253981704953	-0.3315028816815584
2137.9620895022326	26.953989431036696	-0.3396286365653509
2187.761623949552	26.955968813596147	-0.38723011244420746
2238.72113856834	26.953015460116752	-0.3800685263337016
2290.8676527677744	26.97480890661637	-0.30502998980472285
2344.2288153199224	26.948875954470005	-0.3774737696829291
2398.83291901949	26.95562586910755	-0.3506280449753092
2454.7089156850284	26.965438585938834	-0.34136457297499767
2511.8864315095793	26.95774995826411	-0.33581581283850426
2570.3957827688646	26.951077809627737	-0.407126109232534
2630.2679918953813	26.963363306210685	-0.5495801192966709
2691.534803926914	26.960158164738047	-0.4792569787247487
2754.228703338166	26.964129887359228	-0.3496177237918232
2818.382931264455	26.9546279172096	-0.419960234898884
2884.0315031266055	26.961254207201137	-0.3897361028150499
2951.2092266663844	26.959605061092844	-0.44934156696079697
3019.9517204020162	26.969120727291727	-0.4822517894941001
3090.295432513592	26.965302963325968	-0.4452495057831811
3162.2776601683795	26.95563671000564	-0.4363570325072601
3235.936569296281	26.971620796129127	-0.41236097889560597
3311.311214825911	26.960009872670856	-0.44078581261257455
3388.4415613920273	26.956810382269826	-0.465879412858925
3467.368504525317	26.95538881419722	-0.5239442457396422
3548.1338923357534	26.956207959949865	-0.5032759616863629
3630.780547701014	26.958138007328266	-0.5396062288444057
3715.352290971728	26.94958074186914	-0.6313487761188838
3801.8939632056126	26.938969226238427	-0.49259452240616497
3890.451449942805	26.963350113101892	-0.6262414432340506
3981.0717055349733	26.95288709091541	-0.6438454947173256
4073.8027780411303	26.951920365325282	-0.6207002099535686
4168.693834703356	26.959952942935637	-0.5570111204715218
4265.795188015926	26.956288110062	-0.6689546791240275
4365.158322401657	26.934158329810845	-0.6024117066045847
4466.835921509631	26.937463747362482	-0.5841923362570398
4570.881896148752	26.949855615364964	-0.6590728256922205
4677.351412871981	26.96690142789448	-0.686257401279363
4786.30092322638	26.957976003787447	-0.6746180142908003
4897.788193684461	26.954961215036356	-0.6981564760667993
5011.872336272725	26.949774902224767	-0.7297863965689118
5128.613839913648	26.959170335720373	-0.6467925977287372
5248.0746024977225	26.9546605075399	-0.6724181220783976
5370.317963702527	26.962066667487598	-0.8161638493839973
5495.408738576248	26.93694472725184	-0.8027774688009188
5623.413251903491	26.951976179988442	-0.8274041330259649
5754.399373371567	26.951091126360755	-0.7985639592932543
5888.43655355589	26.943361904702655	-0.8912362695896974
6025.5958607435805	26.96993268524644	-0.6981646138751927
6165.9500186148225	26.95022015435059	-0.8829128742581247
6309.57344480193	26.953003732276194	-0.9577892237710444
6456.542290346556	26.957248921174155	-0.925619026890943
6606.9344800759645	26.936336784687363	-0.9427867534242296
6760.829753919818	26.961111694135333	-0.978176877052789
6918.309709189362	26.942748776688056	-0.9621799542774241
7079.45784384138	26.935159779101916	-0.9890033297912737
7244.359600749906	26.943842613143154	-1.0210760960937506
7413.102413009176	26.944701951959974	-0.9219373198804703
7585.775750291836	26.948292373945193	-1.0981680643039242
7762.471166286911	26.94058493905446	-1.111953601445716
7943.282347242814	26.953394673441228	-1.0874029378165062
8128.305161640995	26.941068581213884	-1.1461651525807355
8317.63771102671	26.951159021641892	-1.1719128292188685
8511.380382023759	26.941821846839446	-1.0449169202058215
8709.635899560804	26.95499041278797	-1.256148963355681
8912.509381337459	26.95062679293828	-1.21874612707893
9120.108393559096	26.949059344661663	-1.2711820946066723
9332.543007969905	26.9328177587372	-1.2136974660453461
9549.925860214358	26.936271225956958	-1.2561770857182921
9772.372209558112	26.9373966869032	-1.4761039846524469
10000	26.933461260937186	-1.2882905735546615
10232.929922807536	26.93529122605847	-1.4600031495031587
10471.285480508996	26.939838467261925	-1.3818557416414246
10715.19305237606	26.93912121095292	-1.4916735489860073
10964.78196143185	26.932987414007457	-1.4773926274415174
11220.18454301963	26.938529664804033	-1.3848460674567207
11481.53621496883	26.924059404385908	-1.5703998517217208
11748.97554939529	26.893967643814133	-1.5848694414315219
12022.644346174131	26.934983862429853	-1.6362644848226182
12302.68770812381	26.927405124120494	-1.5475369057555213
12589.254117941675	26.95954130851494	-1.6175714715975795
12882.495516931336	26.91686322165967	-1.799345537257416
13182.567385564074	26.93013708871735	-1.7112827917556288
13489.628825916534	26.93993283651066	-1.8305033569407954
13803.842646028852	26.931671651274	-1.687610761392122
14125.37544622754	26.952339115400385	-1.84357074640927
14454.397707459279	26.937581744956866	-1.9354599841398397
14791.08388168207	26.94645557981115	-1.9445030021968819
15135.612484362087	26.938035443451177	-2.041964455190424
15488.166189124811	26.918070912421665	-2.0106703108088197
15848.93192461114	26.93643450582536	-2.057059506548242
16218.100973589299	26.94452909935204	-2.0895482706946495
16595.869074375612	26.915081703292696	-2.202269155740062
16982.436524617442	26.928501006625112	-2.2878640792128238
17378.00828749376	26.926627039847837	-2.1745503741520373
17782.79410038923	26.93056250666224	-2.2959535897380476
18197.008586099826	26.93095091896797	-2.3881302256183687
18620.871366628675	26.929296297814822	-2.3788276798108257
19054.60717963246	26.93859070696589	-2.566325741011852
19498.445997580457	26.931865047555057	-2.624525334426128
19952.62314968879	26.92175584003798	-2.400094302039747
20417.379446695293	26.949590160673218	-2.5475789565976186
20892.961308540387	26.91956357199046	-2.6992646782928773
21379.620895022326	26.92532210915961	-2.7296153926648827
21877.61623949552	26.915150535808607	-2.9316926875609504
22387.2113856834	26.943858644467454	-2.9470178948889583
22908.676527677722	26.93701215725859	-3.01216688593297
23442.288153199228	26.916470732852137	-2.965991244443842
23988.329190194898	26.92786571080162	-3.0118413188369004
24547.08915685031	26.942820429562126	-3.107839354689361
25118.864315095794	26.927911337224902	-3.179267358336233
25703.957827688646	26.91826651745348	-3.415241021392788
26302.679918953814	26.8980886378429	-3.337777102582635
26915.348039269167	26.93340206808045	-3.4684681386064256
27542.28703338166	26.918981193654087	-3.4771774086142955
28183.82931264455	26.937763380285958	-3.4301729235639584
28840.31503126606	26.911699978002343	-3.68387919221243
29512.092266663873	26.92378296443094	-3.941570755858237
30199.51720402016	26.923028691955693	-3.9855786706606295
30902.95432513592	26.93650467110352	-3.8898725710952817
31622.776601683792	26.90964709090482	-3.9094832453180857
32359.365692962812	26.91403736055723	-4.059587077801439
33113.11214825911	26.90049044269374	-4.1871234980688
33884.41561392024	26.900854283385208	-4.298819317455287
34673.685045253165	26.912778449628636	-4.318964689014081
35481.33892335753	26.911531975552766	-4.465044783977618
36307.80547701014	26.923209767498655	-4.444384717806599
37153.52290971724	26.921470222093795	-4.578755140042901
38018.93963205612	26.946223407673347	-4.88003852559398
38904.51449942805	26.931295694958422	-5.184049437341457
39810.717055349734	26.963900858147216	-4.933549226497405
40738.02778041126	26.941211964650282	-5.139579914548577
41686.938347033545	26.932009497879168	-5.156235453751947
42657.95188015926	26.910048728622364	-5.67018080793342
43651.58322401661	26.927707757623992	-5.288824488477161
44668.3592150963	26.926302672901965	-5.588171083868843
45708.81896148752	26.953229046083766	-5.8814032950724595
46773.51412871981	26.916843235969644	-6.05454136360385
47863.00923226385	26.925289131857948	-6.1165479813851675
48977.88193684462	26.941132072995746	-5.933008987307591
50118.72336272725	26.91132631866131	-6.046111795388157
51286.138399136486	26.903314376549158	-6.997321509098811
52480.746024977285	26.91502289107147	-6.481245151647528
53703.17963702527	26.9477489042972	-7.022264900849116
54954.08738576248	26.942674055963607	-6.747273901416975
56234.13251903491	26.95216094558093	-7.266970185771143
57543.993733715666	26.89672434264488	-7.19724081065641
58884.3655355589	26.906837421707365	-7.457001904495542
60255.95860743574	26.907945603701044	-7.545220497394666
61659.50018614822	26.906125053387036	-7.912690733581286
63095.734448019306	26.899783353592138	-7.910948653459524
64565.422903465565	26.876954930869562	-8.16959621658896
66069.34480075957	26.90387646160427	-8.211761827435737
67608.29753919819	26.916148093604576	-8.5197535730764
69183.09709189364	26.917809616381728	-8.481313157982058
70794.5784384138	26.85979018593009	-9.005207624486374
72443.59600749899	26.909738450119466	-8.965618081572629
74131.02413009177	26.894900302164547	-9.324294325269621
75857.75750291836	26.90235616589497	-9.481699672302511
77624.71166286919	26.88578076678634	-9.562810869535099
79432.82347242814	26.90905361696473	-9.883683483839993
81283.05161640994	26.932332321606562	-10.091313949130743
83176.37711026709	26.902902842773024	-10.426322268048153
85113.80382023768	26.8865928760735	-10.594102160103205
87096.35899560805	26.94203535312027	-10.846777572264955
89125.0938133746	26.935905674739324	-11.06129289948204
91201.08393559097	26.93341748166087	-11.199205932378925
93325.43007969914	26.911735333946048	-11.653074282995561
95499.25860214359	26.91537327061324	-11.658031617141205
97723.7220955811	26.90568786862263	-12.117766495880403
100000	26.952187080175996	-12.506572996129236
102329.29922807537	26.92255885885345	-12.594712425311826
104712.85480508996	26.881132443092753	-12.794683257612817
107151.9305237606	26.931883042755974	-13.204696386944235
109647.8196143185	26.96086243685043	-13.341340531388369
112201.8454301963	26.925674904622838	-13.570673363876537
114815.3621496883	26.896158755532994	-13.87124032260374
117489.7554939529	26.96451018263272	-14.420571021222697
120226.44346174132	26.96836709612507	-15.159485456597764
123026.87708123811	26.93794886078493	-15.164380725578724
125892.54117941676	26.9256244433935	-15.777758100947684
128824.95516931335	26.945432108032414	-15.86722189324177
131825.67385564072	26.969931170343	-16.263794746617123
134896.28825916533	26.939676291285792	-16.54862992464163
138038.42646028852	26.9645534262313	-17.160733114300854
141253.7544622754	26.991389303884304	-17.838299514878386
144543.97707459278	26.99330235122114	-17.96399518132739
147910.8388168207	27.02557018664118	-18.31277069304383
151356.12484362087	27.01883005019269	-18.842464497085118
154881.6618912481	27.05135208628853	-19.25545288211991
158489.31924611144	27.027240085752524	-19.70999112815297
162181.00973589296	27.018958938409227	-20.266494177858867
165958.69074375613	27.033267690155228	-21.00908424845757
169824.36524617442	27.04262262295291	-21.240017563896686
173780.08287493762	27.06185436914194	-21.96745178162439
177827.94100389228	27.06908321432739	-22.66935552944048
181970.08586099825	27.056749223726058	-23.241512906470703
186208.71366628676	27.06000467713419	-23.70879820714177
190546.07179632463	27.10239977987158	-24.46505907551225
194984.45997580455	27.081813750227486	-24.868283978394857
199526.2314968879	27.13760086663435	-25.753657115136818
204173.79446695297	27.15940246557212	-26.370133640008348
208929.61308540386	27.139300259128085	-26.71391840547067
213796.20895022326	27.1949737257173	-27.656680662202064
218776.16239495517	27.14081888108096	-28.476150021775304
223872.113856834	27.16732257353057	-29.162540761957544
229086.76527677724	27.17526221901782	-29.765405102802404
234422.8815319923	27.196043639036482	-30.998350444045172
239883.29190194898	27.21642449883989	-31.486560136433766
245470.8915685031	27.216375548044525	-32.58207476456454
251188.64315095797	27.238824803612367	-33.50392040339763
257039.57827688646	27.255385396828036	-34.16368688773572
263026.7991895381	27.216424875486137	-34.951002721102384
269153.4803926917	27.25161800603415	-36.162552978939
275422.8703338166	27.14292606345285	-37.786481950242475
281838.2931264455	27.168271066794727	-38.4395696401382
288403.15031266055	27.207882101663778	-39.568686275815764
295120.9226666387	27.19673160511902	-40.62442457618919
301995.1720402016	27.186313396800706	-41.808041603955516
309029.54325135925	27.165421930005543	-42.66176095489091
316227.76601683797	27.201064341341304	-44.077018884812674
323593.6569296281	27.183235135748284	-45.52729488188925
331131.1214825911	27.19842886782537	-46.86712745604473
338844.15613920236	27.15490327664391	-48.26642781931723
346736.85045253165	27.106925859222226	-49.42756621076626
354813.3892335753	27.116033256772667	-50.95776718549311
363078.0547701014	27.08455496141319	-52.551759578559
371535.2290971724	27.04536904154161	-53.801717206162294
380189.39632056124	26.978793779864503	-55.32543672676786
389045.1449942805	26.970843294920634	-57.19848779920413
398107.17055349733	26.89491995652327	-58.852621222631875
407380.27780411264	26.880899891291122	-60.39566134758222
416869.3834703355	26.844929473168953	-62.07089749368657
426579.5188015926	26.768431271074967	-63.742821957337526
436515.8322401661	26.7117387151929	-65.91882011805411
446683.592150963	26.602725577684833	-67.73248113621588
457088.1896148752	26.563491466697563	-69.50990085230785
467735.1412871981	26.44406733447344	-71.49781679073166
478630.09232263855	26.294759936421535	-73.36477479558064
489778.81936844613	26.24333488071141	-76.04724343508667
501187.2336272725	26.056626830277313	-77.9457759758518
512861.38399136486	26.00515414258396	-80.14995640855457
524807.4602497729	25.76487405344027	-81.95691454831238
537031.7963702526	25.669537782558244	-84.11189050361247
549540.8738576248	25.507828965902327	-86.55072184390028
562341.325190349	25.350777842887453	-88.42926546286103
575439.9373371566	25.173658543993316	-90.53810135720639
588843.655355589	24.9254502303865	-92.67001865366518
602559.5860743575	24.72168319671252	-94.79009574094468
616595.0018614822	24.50112660689577	-97.19009175724173
630957.344480193	24.261844660243078	-99.30233472138396
645654.2290346556	24.00786911552266	-101.48733666291179
660693.4480075957	23.772445409367666	-103.54680876629482
676082.9753919819	23.474106287436534	-105.60278126721958
691830.9709189363	23.217795207022704	-107.4352857711328
707945.7843841381	22.929334926569503	-109.77100830824419
724435.9600749899	22.64651370340555	-111.50035099895763
741310.2413009177	22.33169362333755	-113.53791785404246
758577.5750291835	22.04048225874419	-115.50563408147104
776247.1166286919	21.70194715311167	-117.48764416142086
794328.2347242814	21.371340433512415	-119.1097037711491
812830.5161640996	21.066148820501528	-121.03089128713069
831763.7711026708	20.729954939588158	-122.6239283519973
851138.0382023768	20.352489934986874	-124.55638057901287
870963.5899560805	20.047026255361896	-126.05625587709574
891250.9381337459	19.67770873944525	-127.76887682313176
912010.8393559096	19.33639299302894	-129.33848177925495
933254.3007969914	18.99103015903154	-130.8099537120224
954992.5860214359	18.587317152310302	-132.17631405698955
977237.2209558111	18.243129803549234	-133.85607259353273
1e+06	17.86142748565059	-135.29433068606167
