Frequency (Hz)	Channel 2 Magnitude (dB)	Channel 2 Phase (deg)
100	26.862696509148197	-0.04646617967389943
102.32929922807536	26.86111876857201	-0.03287378827582188
104.71285480508996	26.860292088350665	-0.0011417191253997316
107.15193052376058	26.865627351247472	-0.012761502546467796
109.64781961431852	26.859378008816776	-0.01148769175019737
112.2018454301963	26.859928052976926	0.011819137093553422
114.8153621496883	26.867312141270343	-0.027006878830405867
117.48975549395291	26.853858635600037	0.003485984638174955
120.22644346174131	26.855840249334655	-0.025961487640103087
123.02687708123811	26.86318323646981	-0.020021083180125743
125.89254117941674	26.85738225458563	-0.016720402081205066
128.82495516931337	26.859835140379175	-0.006411495704384151
131.82567385564073	26.868143587817546	-0.03263224307754342
134.89628825916535	26.867813646994424	-0.050608700582357
138.03842646028852	26.857081366038322	0.047113377440581417
141.2537544622754	26.863033830094274	-0.01447066319632917
144.5439770745928	26.861396213163594	-0.013354472184843758
147.91083881682073	26.861972137210984	0.003776539806437995
151.35612484362088	26.867798275470523	-0.0009943441500439576
154.88166189124811	26.863523136375342	-0.017809286274967917
158.48931924611142	26.860948814761805	-0.047766187574254104
162.18100973589299	26.861592508018877	-0.013087430257002097
165.95869074375616	26.863791268306	-0.06320285621565347
169.82436524617444	26.865480328832444	-0.053837829501276246
173.78008287493762	26.86116868411142	-0.030954648197308643
177.82794100389228	26.86285452104832	-0.009541496740791189
181.97008586099827	26.863134831861302	-0.05061019496963404
186.20871366628677	26.86640467453927	-0.007217536968141758
190.5460717963248	26.857104676551167	-0.025493469660787582
194.98445997580455	26.864298819767193	-0.05752950501567966
199.52623149688787	26.85684691314642	-0.07506848201047944
204.17379446695296	26.854842859619165	-0.03166790268878117
208.92961308540387	26.859381710886208	-0.038807308988060285
213.79620895022325	26.87043435947127	-0.050839876940399265
218.77616239495518	26.860954562160273	-0.021051429424943535
223.872113856834	26.857513494477054	-0.009193564658531272
229.08676527677724	26.85942878975005	-0.05797784467623046
234.42288153199226	26.863037836892328	-0.057841319497953236
239.88329190194898	26.866498806531155	-0.04308801749743907
245.47089156850313	26.864756753474907	0.003701855716396807
251.18864315095794	26.863803974292804	-0.08592443766870872
257.03957827688646	26.85814726932167	-0.029459557316272367
263.02679918953817	26.86399687173024	0.027507967313376014
269.1534803926917	26.870865856591024	-0.07339500975800206
275.4228703338166	26.858163022701817	-0.02398756379162137
281.8382931264455	26.868776846967407	-0.04667691241444061
288.40315031266056	26.856835709535694	-0.10833070468954276
295.1209226666384	26.866420915724646	-0.08550436144460605
301.99517204020157	26.859039610994934	-0.07461330455286941
309.0295432513592	26.860201364498003	-0.042536409565002486
316.22776601683796	26.86381062851158	-0.0683718668773281
323.5936569296281	26.865575268483294	-0.011593086671609854
331.1311214825911	26.861669181130573	-0.06808040262521331
338.8441561392027	26.853136077732202	-0.12433928605892675
346.7368504525317	26.862108344650974	-0.06933363675878468
354.8133892335753	26.86192960733524	-0.027189985800703198
363.0780547701014	26.85223953740476	-0.10002141061756475
371.5352290971724	26.86856700505843	-0.09370749028914815
380.18939632056123	26.862951413826423	-0.06485598121466296
389.0451449942805	26.865197084123153	-0.07401637378752035
398.1071705534973	26.86141052760337	-0.05014195219627027
407.3802778041126	26.853070083503773	-0.14507157333596865
416.8693834703355	26.864797994819497	-0.08230233689823763
426.5795188015926	26.85341075758852	-0.06975541515410555
436.5158322401661	26.862677121668842	-0.0901434765558804
446.683592150963	26.867712260133004	-0.07331843977800645
457.0881896148752	26.862094994911885	-0.014774614069722247
467.73514128719813	26.86526016321921	-0.04136483181611261
478.6300923226385	26.86282180336444	-0.0849474617814252
489.7788193684461	26.860766804598168	-0.06734012679072521
501.1872336272725	26.867813746264652	-0.0760062486925932
512.8613839913648	26.857616104189233	-0.00046118412768691996
524.8074602497722	26.85719420202251	-0.10403172050133769
537.0317963702527	26.860264476491203	-0.10263256451642633
549.5408738576248	26.85203816005754	-0.1284746870377731
562.3413251903492	26.860491334722425	-0.06673962743406037
575.4399373371566	26.85563326483923	-0.09579513282048424
588.8436553555889	26.865896673055957	-0.1419571969574065
602.5595860743581	26.85422373521616	-0.027098986024704175
616.5950018614823	26.854774776926984	-0.06294922059399788
630.957344480193	26.859686257230152	-0.13739648281216432
645.6542290346556	26.856112586851513	-0.10820249103528568
660.6934480075957	26.855144471871597	-0.0883915931828767
676.0829753919819	26.856628861036256	-0.1272187540598111
691.8309709189363	26.866879257991485	-0.1125504999175746
707.945784384138	26.854879651037532	-0.12960301617651737
724.4359600749898	26.856368648563873	-0.12729463577430167
741.3102413009177	26.86382668756048	-0.10712344954072961
758.5775750291835	26.849540713807958	-0.1607511479318191
776.247116628692	26.864353267945877	-0.15845601517640429
794.3282347242813	26.85292095062181	-0.14373428192006443
812.8305161640994	26.859409722012902	-0.17188557202319998
831.7637711026708	26.8537751919689	-0.09764798423301357
851.1380382023768	26.85980189458251	-0.17638346259261084
870.9635899560805	26.85948022347384	-0.10137530735374867
891.2509381337459	26.871377385379137	-0.1097163580896634
912.0108393559096	26.86405823815081	-0.17906093215947294
933.2543007969905	26.863540879949408	-0.16263636970052175
954.992586021436	26.86144623620015	-0.18734600384510713
977.2372209558112	26.854381516288	-0.21056825771867782
1000	26.85426093960643	-0.24719011143452008
1023.2929922807535	26.857011715885378	-0.2252877273694338
1047.1285480508996	26.861879383566304	-0.14764379500294922
1071.519305237607	26.862362639734258	-0.22900230181093661
1096.4781961431852	26.869600740398248	-0.13744327260396005
1122.018454301963	26.86297571259668	-0.2082892618307568
1148.1536214968828	26.863292927121538	-0.1454431784390149
1174.8975549395304	26.863305847615273	-0.2050455339660715
1202.264434617413	26.851049009023352	-0.0988842041289999
1230.2687708123813	26.85033983087323	-0.24752104229715144
1258.9254117941675	26.86610912014071	-0.19330695153210797
1288.249551693135	26.845709913270692	-0.27147500274799086
1318.2567385564075	26.851679145731016	-0.11769188040312883
1348.9628825916532	26.851310898550388	-0.2514064243971177
1380.3842646028838	26.85374676953071	-0.2435765631310005
1412.537544622754	26.85364672050474	-0.18302634000053075
1445.439770745928	26.860712782174886	-0.20087883769672032
1479.1083881682073	26.84552412015276	-0.17918631033523513
1513.5612484362073	26.84378990717622	-0.29751801106434783
1548.816618912481	26.866454722613785	-0.23212192810453836
1584.893192461114	26.84962284729496	-0.24301212892215318
1621.8100973589296	26.864512295261363	-0.2429441639500567
1659.5869074375598	26.85222018166586	-0.22297115813921664
1698.2436524617442	26.856531069401917	-0.39810802508256415
1737.8008287493763	26.840685670025405	-0.30642128988450423
1778.2794100389228	26.85723001021035	-0.2690306588315252
1819.7008586099826	26.8496683279724	-0.326587849404973
1862.0871366628676	26.851149461047484	-0.2521335632606281
1905.4607179632483	26.857431935017058	-0.35459555622158234
1949.8445997580457	26.848770932741765	-0.3288935424718318
1995.2623149688789	26.86508543684811	-0.3455360212016956
2041.7379446695297	26.85239094423727	-0.2090421063188046
2089.2961308540407	26.842336683099607	-0.34011080226362367
2137.9620895022326	26.843515184036285	-0.2995359384859029
2187.761623949552	26.856815401853737	-0.3571278384872514
2238.72113856834	26.845396658063272	-0.3632991628120621
2290.8676527677744	26.853204436486592	-0.32556032878791186
2344.2288153199224	26.84070208652539	-0.4109835188108022
2398.83291901949	26.853104407065892	-0.4261983599609209
2454.7089156850284	26.84375152799625	-0.3926400247312287
2511.8864315095793	26.836406824887035	-0.467932388995024
2570.3957827688646	26.853086312001288	-0.3367625668255556
2630.2679918953813	26.845882485837443	-0.43153666161424553
2691.534803926914	26.84857883694136	-0.4164402843950441
2754.228703338166	26.842486597079784	-0.5174260611722161
2818.382931264455	26.838334669423464	-0.485775731840846
2884.0315031266055	26.84039632156509	-0.4935185976179781
2951.2092266663844	26.86010477078637	-0.35663525234467386
3019.9517204020162	26.86146674854384	-0.5242248760354471
3090.295432513592	26.83910585215766	-0.4876873199179954
3162.2776601683795	26.856544447638395	-0.4533332194639712
3235.936569296281	26.846397847899247	-0.4314444556906949
3311.311214825911	26.860195726288588	-0.4974056017685484
3388.4415613920273	26.84711101750555	-0.4837616264169071
3467.368504525317	26.85519730203604	-0.5090500925055821
3548.1338923357534	26.846332279811417	-0.5820422666081981
3630.780547701014	26.83194669081475	-0.5894388432976996
3715.352290971728	26.843619353423172	-0.5002772234701354
3801.8939632056126	26.84142509327244	-0.5873872640281945
3890.451449942805	26.84392924001328	-0.5663497612160171
3981.0717055349733	26.853095119657155	-0.6287417976053291
4073.8027780411303	26.85183628054604	-0.49121144579396514
4168.693834703356	26.824382972775926	-0.5947211749089485
4265.795188015926	26.842304947452664	-0.6343575493560252
4365.158322401657	26.84252266820974	-0.5625907767850578
4466.835921509631	26.826044098605966	-0.6867334679087662
4570.881896148752	26.847223927071827	-0.688893107005919
4677.351412871981	26.821836816629666	-0.6919407125435271
4786.30092322638	26.83179649944339	-0.6840885263822116
4897.788193684461	26.834957306925972	-0.7138548491948171
5011.872336272725	26.839689522764388	-0.7568979310462431
5128.613839913648	26.851645934272167	-0.7311731763286673
5248.0746024977225	26.833307912641704	-0.7771683092890811
5370.317963702527	26.836800077838255	-0.7952792085509515
5495.408738576248	26.826959963811845	-0.7911275931256796
5623.413251903491	26.86013504010452	-0.6607373303752055
5754.399373371567	26.82521039476343	-0.8633025410619339
5888.43655355589	26.840881078669625	-0.8926214393307816
6025.5958607435805	26.840092424585727	-0.8175335518086513
6165.9500186148225	26.837290472167716	-0.8891265700385986
6309.57344480193	26.844809077078207	-0.8693924718697588
6456.542290346556	26.861947309259605	-0.9756260458983732
6606.9344800759645	26.846560858685024	-0.972437916584667
6760.829753919818	26.82613088313818	-0.9284131368046502
6918.309709189362	26.841306736155154	-1.0013058331207816
7079.45784384138	26.82421337574704	-0.8734295154104927
7244.359600749906	26.82811706477828	-0.96511323758358
7413.102413009176	26.842425829773624	-1.1093942214100139
7585.775750291836	26.831742354408807	-0.9861572263426801
7762.471166286911	26.84357234782748	-1.0310414639347556
7943.282347242814	26.838146660831505	-1.0753658914738153
8128.305161640995	26.825334580801744	-1.018551564631963
8317.63771102671	26.8391587292787	-1.282741605187109
8511.380382023759	26.84610756691744	-1.200855324734448
8709.635899560804	26.80521560607737	-1.0487242240437524
8912.509381337459	26.847516483271015	-1.3490976087632713
9120.108393559096	26.81622004752983	-1.0824423408003554
9332.543007969905	26.85301617482791	-1.4154319125754498
9549.925860214358	26.80816209818115	-1.2751083671154682
9772.372209558112	26.823868416514646	-1.3687036588396033
10000	26.828312170221672	-1.5096054810246216
10232.929922807536	26.824558549790947	-1.486005559186256
10471.285480508996	26.834025878768493	-1.3762050142027817
10715.19305237606	26.841187925026105	-1.4218835873694555
10964.78196143185	26.811919259831825	-1.6525057844700999
11220.18454301963	26.81254217522965	-1.6054284871052644
11481.53621496883	26.824896126091055	-1.5215397714418941
11748.97554939529	26.809706554208557	-1.6346232726863548
12022.644346174131	26.850281649980268	-1.605603513071376
12302.68770812381	26.82441464096804	-1.5995530115677496
12589.254117941675	26.797434395741924	-1.6296213670933941
12882.495516931336	26.858737591014243	-1.7373460925261668
13182.567385564074	26.812320663360833	-1.6202487400544072
13489.628825916534	26.828684371912548	-1.6525580417529113
13803.842646028852	26.841713685630527	-1.8462343996267627
14125.37544622754	26.812887364487903	-1.8378129726964403
14454.397707459279	26.82568406663937	-1.8279142793223855
14791.08388168207	26.819534389758278	-1.8590820974655173
15135.612484362087	26.825821233349863	-1.9523242995899963
15488.166189124811	26.82735954804012	-1.918782752007104
15848.93192461114	26.830072363849524	-2.1024940671144705
16218.100973589299	26.80856820196928	-1.986051259846846
16595.869074375612	26.83510499874931	-2.091731351561137
16982.436524617442	26.84322268288602	-2.120409770834229
17378.00828749376	26.828630995203255	-2.485843815634296
17782.79410038923	26.824777595866678	-2.369228172621959
18197.008586099826	26.802881532176144	-2.2392667851417514
18620.871366628675	26.794594085298687	-2.2371669338413653
19054.60717963246	26.82689782903058	-2.4785681031875955
19498.445997580457	26.821842169487088	-2.70384505652369
19952.62314968879	26.80978332981344	-2.4567511229416397
20417.379446695293	26.809367421784426	-2.5560344978546397
20892.961308540387	26.817779149484053	-2.778950209617312
21379.620895022326	26.822920790382497	-2.774948200215732
21877.61623949552	26.820785273037018	-2.641823819030822
22387.2113856834	26.831799738126122	-2.852086660290365
22908.676527677722	26.841997529277812	-2.9839211223297752
23442.288153199228	26.841815516859754	-2.8520492794790755
23988.329190194898	26.791842089493684	-2.961552632200565
24547.08915685031	26.811042471838228	-3.075144337165341
25118.864315095794	26.800307813938318	-3.275992158038875
25703.957827688646	26.81661543623249	-3.4017094452538146
26302.679918953814	26.818570579207694	-3.3466901404573264
26915.348039269167	26.816073039783856	-3.4377638172766893
27542.28703338166	26.81912418585073	-3.4063962235993657
28183.82931264455	26.789307669020154	-3.5838191533124473
28840.31503126606	26.79379351527335	-3.730062997617239
29512.092266663873	26.815884437197468	-3.6378548318718344
30199.51720402016	26.84464974395381	-3.6200030226499607
30902.95432513592	26.835272513339802	-3.834504341701262
31622.776601683792	26.8226705339074	-3.8566493425773274
32359.365692962812	26.819504063473516	-4.167488785831566
33113.11214825911	26.8355483641084	-4.180892701518417
33884.41561392024	26.808465948117156	-4.093442588322098
34673.685045253165	26.8058052741844	-4.181018742699067
35481.33892335753	26.836248044717305	-4.308641546458517
36307.80547701014	26.824034701659322	-4.379647457500262
37153.52290971724	26.831935019615372	-4.540812265702414
38018.93963205612	26.828932158210176	-5.031688276901789
38904.51449942805	26.836087771362624	-4.633379420588938
39810.717055349734	26.841340638214067	-4.873338740921064
40738.02778041126	26.82379097109855	-5.385179062010941
41686.938347033545	26.80189015859924	-5.203971886740277
42657.95188015926	26.798525986062675	-5.507769029996505
43651.58322401661	26.825994015356045	-5.421376951288067
44668.3592150963	26.793923358559045	-5.808546704637621
45708.81896148752	26.788587432811678	-5.8222829007792
46773.51412871981	26.80183273587453	-6.01563236271592
47863.00923226385	26.809549602174435	-6.254037936262989
48977.88193684462	26.84884696534517	-6.278587187062705
50118.72336272725	26.7653294567558	-6.218557395982171
51286.138399136486	26.835590238586775	-6.708620239857964
52480.746024977285	26.760020383495743	-6.644302288708744
53703.17963702527	26.809249670461007	-6.752977050484219
54954.08738576248	26.861273782035717	-6.708990478058439
56234.13251903491	26.788263593932733	-7.125321837639106
57543.993733715666	26.78374151280972	-7.004620888354339
58884.3655355589	26.782694467212185	-7.3744500321710404
60255.95860743574	26.819308043477395	-7.620375657236849
61659.50018614822	26.770681021351376	-7.710825779718391
63095.734448019306	26.800044798285278	-7.833245874506353
64565.422903465565	26.777336982335648	-7.813236532348469
66069.34480075957	26.798947193901803	-8.445283436657974
67608.29753919819	26.825343629357636	-8.400271086183329
69183.09709189364	26.810167291971027	-8.504709455186713
70794.5784384138	26.82815985334305	-8.601814016209772
72443.59600749899	26.77761480382859	-9.033844590716491
74131.02413009177	26.802500453617526	-9.359300745590602
75857.75750291836	26.840371527600023	-9.148599325436464
77624.71166286919	26.83365618495381	-9.538789288100958
79432.82347242814	26.821016986727585	-9.739040049995523
81283.05161640994	26.77786880809492	-10.122229930686188
83176.37711026709	26.796333994442342	-10.015530963360845
85113.80382023768	26.809667198361726	-10.320979161108824
87096.35899560805	26.79095069882855	-10.638281883257307
89125.0938133746	26.790257679724164	-10.677763184790209
91201.08393559097	26.82729222087705	-11.234500951781499
93325.43007969914	26.850694690338667	-11.504447062796771
95499.25860214359	26.842680496130118	-11.640278363819178
97723.7220955811	26.84842518356931	-11.694246037623573
100000	26.844220799969385	-12.418586066528746
102329.29922807537	26.843570914736972	-12.5925047281482
104712.85480508996	26.79662174920295	-13.000366780982631
107151.9305237606	26.827332449264496	-12.63605774177313
109647.8196143185	26.83439390974778	-13.36223062838802
112201.8454301963	26.82896978694749	-13.966335845467302
114815.3621496883	26.849130578551502	-14.202693170450011
117489.7554939529	26.858530161545417	-14.18646047816975
120226.44346174132	26.835307340739845	-14.739730764151298
123026.87708123811	26.874799055327685	-15.026580762785166
125892.54117941676	26.87131649734748	-15.417400764846747
128824.95516931335	26.873089011737697	-15.779776037698259
131825.67385564072	26.824291446351506	-16.131628442075197
134896.28825916533	26.88571545972497	-16.72365648939646
138038.42646028852	26.87128419480008	-16.894473198691685
141253.7544622754	26.912515465491268	-17.116454792536416
144543.97707459278	26.937103832230243	-17.93546841509668
147910.8388168207	26.901746948717943	-18.25960577655181
151356.12484362087	26.899727404672575	-18.88395710333403
154881.6618912481	26.942440523875103	-19.077059703009326
158489.31924611144	26.983570757834244	-19.820011274544783
162181.00973589296	26.95882204272749	-20.065349202646853
165958.69074375613	26.944086052332686	-20.4558144166989
169824.36524617442	26.918399654644432	-21.002492080698133
173780.08287493762	26.97495962264089	-21.7411535287584
177827.94100389228	27.03200985776072	-22.15610157580413
181970.08586099825	26.94964325132325	-22.944948839083658
186208.71366628676	27.014825832786386	-23.594612763737103
190546.07179632463	27.035119781475167	-24.27040717815801
194984.45997580455	26.993636210603945	-24.504348135487945
199526.2314968879	27.11905393233167	-25.171042927354858
204173.79446695297	27.16269624982653	-25.916968906145883
208929.61308540386	27.094253138657507	-26.724361730234044
213796.20895022326	27.110467443967966	-27.796879917593365
218776.16239495517	27.073849412427013	-27.9833320438171
223872.113856834	27.216666655873475	-28.9213625933252
229086.76527677724	27.152869991697848	-29.253015873453208
234422.8815319923	27.060564251592297	-30.79453326130084
239883.29190194898	27.084303932456066	-31.341863105748885
245470.8915685031	27.12829721010805	-33.22484112567264
251188.64315095797	27.083123382015945	-33.886003744755214
257039.57827688646	27.11680516569078	-34.16318683643533
263026.7991895381	27.19991911223596	-34.62720088819019
269153.4803926917	27.23343544191744	-36.458985258241434
275422.8703338166	27.169987322285685	-37.677209776745826
281838.2931264455	27.202347236456326	-37.812283435577896
288403.15031266055	27.223926878145313	-39.556092421412075
295120.9226666387	27.17656370066579	-40.41508179215513
301995.1720402016	27.20427913354106	-41.77801006323982
309029.54325135925	27.13783741808204	-42.753867918959536
316227.76601683797	27.18538596377567	-44.100290101330984
323593.6569296281	27.202408159159617	-45.50057170954997
331131.1214825911	27.156269503015842	-47.05855029278709
338844.15613920236	27.17994515709462	-48.31303780216601
346736.85045253165	27.16040187954586	-49.69730877009864
354813.3892335753	27.131620490673114	-51.38012230076811
363078.0547701014	27.101355345975758	-52.76360971516175
371535.2290971724	27.116441286154426	-54.37381911868327
380189.39632056124	27.056596130135592	-55.93315751427536
389045.1449942805	27.04367633004896	-57.59323729441189
398107.17055349733	27.020526281505127	-59.43564446918168
407380.27780411264	26.932854670350036	-60.83025131336751
416869.3834703355	26.88533549091686	-62.845027962047325
426579.5188015926	26.840102017893315	-64.91413234673557
436515.8322401661	26.770839925530066	-66.68831219498378
446683.592150963	26.668720093178912	-68.67699738274177
457088.1896148752	26.5657775543565	-70.67172919967831
467735.1412871981	26.516901438587347	-72.6541851565851
478630.09232263855	26.466741059403972	-74.83322554478092
489778.81936844613	26.32264151688244	-76.65353016659367
501187.2336272725	26.147388948497714	-79.53670953619371
512861.38399136486	26.00386673840465	-80.81899744660502
524807.4602497729	25.87975202796416	-83.88755356468143
537031.7963702526	25.715369642262594	-85.9022308789691
549540.8738576248	25.564654854360953	-88.09879063232636
562341.325190349	25.37417885802735	-90.26657860436418
575439.9373371566	25.135559380119716	-92.56258433314463
588843.655355589	24.954996540258236	-95.0463043994979
602559.5860743575	24.779125462578826	-96.98435464696928
616595.0018614822	24.52995173012354	-99.45303777720073
630957.344480193	24.262375291654653	-101.48215462876021
645654.2290346556	23.99964908140861	-103.77445792377138
660693.4480075957	23.743401638963647	-105.95738960791164
676082.9753919819	23.440265630695922	-108.30477640617002
691830.9709189363	23.130711879243535	-110.16965038431931
707945.7843841381	22.831650408377122	-112.06738175706727
724435.9600749899	22.54476643224463	-114.17224129558477
741310.2413009177	22.239078449126595	-116.18140432123248
758577.5750291835	21.8840082835124	-118.18585324448959
776247.1166286919	21.56274762171572	-120.05306755993874
794328.2347242814	21.22530351629077	-121.97694074578138
812830.5161640996	20.89629080809369	-123.54585778793043
831763.7711026708	20.576362069036108	-125.45788059769973
851138.0382023768	20.15064369469759	-127.20888297277767
870963.5899560805	19.80097640137712	-128.78936278292264
891250.9381337459	19.43869569957707	-130.32874703784066
912010.8393559096	19.049510962488355	-131.85768981254276
933254.3007969914	18.702849258964555	-133.44945586205682
954992.5860214359	18.296819117428754	-134.75387838744305
977237.2209558111	17.932286063671015	-136.23753269652582
1e+06	17.569734957309066	-137.58386033740496
