Frequency (Hz)	Channel 2 Magnitude (dB)	Channel 2 Phase (deg)
100	26.8976248608967	-0.033391497469906994
102.32929922807536	26.89348857147049	-0.03571031702765026
104.71285480508996	26.90416471628523	0.007373909979584425
107.15193052376058	26.905500999702134	-0.021180367092199504
109.64781961431852	26.894642090524954	-0.03586211055218769
112.2018454301963	26.90209122397958	-0.01433282769665567
114.8153621496883	26.895497110878793	-0.002621870208205479
117.48975549395291	26.889740128767667	-0.04540045069166432
120.22644346174131	26.898345562807222	-0.011092762942269019
123.02687708123811	26.893290226684655	-0.001974097395617491
125.89254117941674	26.899840954332156	0.026842190182009062
128.82495516931337	26.901492337258524	0.011600625562124378
131.82567385564073	26.89797243288577	-0.0372036966460314
134.89628825916535	26.894789565054317	-0.0444185107998365
138.03842646028852	26.896952727714343	-0.031274191992366696
141.2537544622754	26.896231910328183	0.019071870464244967
144.5439770745928	26.891763011556314	0.012432221876903071
147.91083881682073	26.889316379929188	-0.024619662154648836
151.35612484362088	26.892389719187474	0.0003844240861781145
154.88166189124811	26.894452585814967	-0.01586977094839881
158.48931924611142	26.898178508301314	-0.04715867018120434
162.18100973589299	26.895684155174003	-0.06186589748186577
165.95869074375616	26.892146569560076	-0.026024300981532633
169.82436524617444	26.898512083931795	-0.0643594762734665
173.78008287493762	26.904710039743954	-0.055288552009130854
177.82794100389228	26.89121276964283	-0.0054331579918311945
181.97008586099827	26.89127180297517	-0.06738668414980964
186.20871366628677	26.887989653962908	-0.01018315485884358
190.5460717963248	26.890997232259878	-0.030417132473360198
194.98445997580455	26.899174144535827	-0.06754522439929644
199.52623149688787	26.891137294561666	-0.005615638248769983
204.17379446695296	26.896025363024393	-0.03128896695839245
208.92961308540387	26.89273631038666	-0.07245323636415435
213.79620895022325	26.895647118851507	-0.08763005719413286
218.77616239495518	26.893774554084327	-0.017349140834809873
223.872113856834	26.901292540554465	-0.023471974972451903
229.08676527677724	26.896614583057953	-0.09098636842330876
234.42288153199226	26.891838313806346	-0.04386158372889781
239.88329190194898	26.897252233228464	-0.048656250563965386
245.47089156850313	26.895398056496525	-0.02638422871314461
251.18864315095794	26.88870531878921	-0.04585855356316415
257.03957827688646	26.892815800694393	-0.03532825859024058
263.02679918953817	26.89647358179379	-0.040436160353706896
269.1534803926917	26.89812857213877	-0.020704517849623016
275.4228703338166	26.895147984074534	-0.005411106863306259
281.8382931264455	26.899582832454804	-0.037796419769449585
288.40315031266056	26.889654312727185	-0.04458067019330514
295.1209226666384	26.892351333594373	-0.009846315620862356
301.99517204020157	26.893060595173477	-0.01877517531494277
309.0295432513592	26.892259099653216	-0.02853855072553735
316.22776601683796	26.88478828472865	-0.0835788375369404
323.5936569296281	26.89654620077196	-0.0918389835727993
331.1311214825911	26.8931411902591	-0.07497211786258617
338.8441561392027	26.884138222258724	-0.08937014847984415
346.7368504525317	26.898010784516874	-0.05577528984586877
354.8133892335753	26.901786197322203	-0.06385001223048903
363.0780547701014	26.880208852671103	-0.12677542351495674
371.5352290971724	26.89686487637197	-0.08879576200931893
380.18939632056123	26.8925619704569	-0.009451739940182335
389.0451449942805	26.890026050879264	-0.0772767163910899
398.1071705534973	26.877822481251684	-0.016514550624954438
407.3802778041126	26.898380354271055	-0.05728643975965042
416.8693834703355	26.904195938702987	-0.09185906398803922
426.5795188015926	26.908955864331894	-0.09339808575637676
436.5158322401661	26.88220620757963	-0.0913464866606688
446.683592150963	26.893676972971537	-0.11279952773080026
457.0881896148752	26.888797776637077	-0.1025018072572692
467.73514128719813	26.892431773485992	-0.12792073745103494
478.6300923226385	26.891863575524383	-0.11160602720774193
489.7788193684461	26.891073021145534	-0.06851005282556422
501.1872336272725	26.89958861403117	-0.03395739901711181
512.8613839913648	26.889449932567338	-0.09962475539107629
524.8074602497722	26.896889272084728	-0.1558651105443829
537.0317963702527	26.887340470375833	-0.05418904915322287
549.5408738576248	26.89001696223918	-0.09397086444394631
562.3413251903492	26.898573388864847	-0.07973063936267266
575.4399373371566	26.889744780706955	-0.16687784332383693
588.8436553555889	26.882586479884125	-0.09840559939958382
602.5595860743581	26.888798596753322	-0.08547760460852771
616.5950018614823	26.895848820640012	-0.08726370396614413
630.957344480193	26.888366665837186	-0.14725145516095495
645.6542290346556	26.891881472224433	-0.09826096381860339
660.6934480075957	26.895398201245232	-0.10906345705362241
676.0829753919819	26.895529117114556	-0.10522019680195172
691.8309709189363	26.893034271606645	-0.12088404689124843
707.945784384138	26.894276500864326	-0.18559463018794986
724.4359600749898	26.88694199131646	-0.1124387013264112
741.3102413009177	26.888128256028743	-0.13520967090337876
758.5775750291835	26.892515410569786	-0.11914015712246151
776.247116628692	26.885697854602864	-0.14288374737791187
794.3282347242813	26.90024764022471	-0.21202427158840464
812.8305161640994	26.890635958460276	-0.1822078936914835
831.7637711026708	26.89566090906482	-0.19613877136154656
851.1380382023768	26.90052603796802	-0.08545841321200953
870.9635899560805	26.90373540929853	-0.13098988475012874
891.2509381337459	26.89316362665105	-0.21395527361471522
912.0108393559096	26.887651989564855	-0.10236820009711778
933.2543007969905	26.89158771895179	-0.19761628292110345
954.992586021436	26.896460657236307	-0.16728475328856973
977.2372209558112	26.887549471079005	-0.12395578361062576
1000	26.893609700699056	-0.185344228015623
1023.2929922807535	26.892958472396632	-0.07296728170450706
1047.1285480508996	26.905177087682553	-0.20361298743372913
1071.519305237607	26.90300248606292	-0.2304229347850395
1096.4781961431852	26.871461535385773	-0.20279776656687432
1122.018454301963	26.895137416525102	-0.2009646575357067
1148.1536214968828	26.875483577875702	-0.32679676569036076
1174.8975549395304	26.899318610296007	-0.27243563084038946
1202.264434617413	26.88540208170747	-0.18528678840397106
1230.2687708123813	26.892501688226957	-0.21562030029637924
1258.9254117941675	26.89664478617379	-0.22202785615516518
1288.249551693135	26.892424912010426	-0.20198296382525882
1318.2567385564075	26.895495516802725	-0.18017060739462565
1348.9628825916532	26.902572108683582	-0.2586564292321327
1380.3842646028838	26.891736071079343	-0.20205494508684296
1412.537544622754	26.883523912975917	-0.29222622469580983
1445.439770745928	26.87736504923912	-0.29698774977873654
1479.1083881682073	26.901368109018335	-0.2663070907809697
1513.5612484362073	26.87655142158409	-0.2113229996695658
1548.816618912481	26.908217058676623	-0.30274914532505903
1584.893192461114	26.887241261115747	-0.2354159569382972
1621.8100973589296	26.89374755167647	-0.29937174915005116
1659.5869074375598	26.878074644320833	-0.29446969554243196
1698.2436524617442	26.889320182423088	-0.2814639540595181
1737.8008287493763	26.889937739094123	-0.255917766266343
1778.2794100389228	26.893611007329312	-0.3554573456948731
1819.7008586099826	26.896399605998973	-0.35559136704746663
1862.0871366628676	26.888531070735198	-0.27889892607330413
1905.4607179632483	26.89704459552068	-0.4269067949107779
1949.8445997580457	26.873456733926705	-0.37362417868553166
1995.2623149688789	26.88303959972654	-0.2990957588406786
2041.7379446695297	26.877760920835158	-0.3237057683960103
2089.2961308540407	26.88563235535886	-0.4478831541820192
2137.9620895022326	26.879623945225127	-0.4794084851939573
2187.761623949552	26.87526315787379	-0.2990432482664147
2238.72113856834	26.89236774817164	-0.28014564889255666
2290.8676527677744	26.885437682457475	-0.385977576628747
2344.2288153199224	26.889063990508014	-0.4487779283719817
2398.83291901949	26.87958217437249	-0.4342651247756919
2454.7089156850284	26.88980729028165	-0.3318509480195644
2511.8864315095793	26.878261826237555	-0.45772393661272304
2570.3957827688646	26.882448027794375	-0.4501127001946017
2630.2679918953813	26.888578697585203	-0.42194013691099386
2691.534803926914	26.87161373056152	-0.48049893863426973
2754.228703338166	26.89021272716142	-0.3540943835129462
2818.382931264455	26.885804319453896	-0.46898902959298994
2884.0315031266055	26.888869340721207	-0.47406331510310906
2951.2092266663844	26.890778048120787	-0.4949859482210073
3019.9517204020162	26.874480102146798	-0.5255788500324883
3090.295432513592	26.883998687164574	-0.5274480487691235
3162.2776601683795	26.8754319801566	-0.5752104765299588
3235.936569296281	26.881061775078543	-0.5821050386264375
3311.311214825911	26.894696515169972	-0.5587708435061316
3388.4415613920273	26.887374234025224	-0.532503723243579
3467.368504525317	26.891404041192907	-0.4606128073877187
3548.1338923357534	26.881506967494325	-0.5566371784341655
3630.780547701014	26.878818969882204	-0.6190526268928807
3715.352290971728	26.89044201112886	-0.6025606934312577
3801.8939632056126	26.88102313061723	-0.7018125697614295
3890.451449942805	26.870243743240604	-0.6266394722838413
3981.0717055349733	26.866801802491945	-0.6617853476497828
4073.8027780411303	26.880932366348578	-0.7474243020986577
4168.693834703356	26.874586354192118	-0.7083036474034401
4265.795188015926	26.879819024226702	-0.6548301538039425
4365.158322401657	26.88238091183768	-0.721719695337228
4466.835921509631	26.877934640040916	-0.7370364103328626
4570.881896148752	26.87524417776149	-0.7905915611609373
4677.351412871981	26.872802137349908	-0.8355808046347022
4786.30092322638	26.880064782124997	-0.7131116577543821
4897.788193684461	26.861086415896796	-0.7172873507978466
5011.872336272725	26.87742110158519	-0.8383355112466688
5128.613839913648	26.871425851814607	-0.8264328931405345
5248.0746024977225	26.8699256677761	-0.8486122274794639
5370.317963702527	26.866882521108995	-0.839718690036861
5495.408738576248	26.848914901080022	-0.8813456552743446
5623.413251903491	26.86651860615292	-0.8848771512109295
5754.399373371567	26.862448146660448	-1.0054484619684132
5888.43655355589	26.860475535160457	-1.0021727589593468
6025.5958607435805	26.88144563955173	-0.9398019720828188
6165.9500186148225	26.88196971998281	-1.0020302543397577
6309.57344480193	26.884714501844186	-1.0283515152868503
6456.542290346556	26.8700603257642	-1.0114678387767064
6606.9344800759645	26.867358913341008	-1.0212990241157982
6760.829753919818	26.861805478369845	-1.1375326887458215
6918.309709189362	26.879615116183906	-1.1210211170781292
7079.45784384138	26.867206900468577	-1.0879672503512836
7244.359600749906	26.862243952370427	-1.0906171702434335
7413.102413009176	26.89225225633838	-1.0983799822698828
7585.775750291836	26.853682863413102	-1.1828865129040622
7762.471166286911	26.87948044021898	-1.1754925194285022
7943.282347242814	26.853098400221114	-1.241381664385969
8128.305161640995	26.84525530541788	-1.246920118823894
8317.63771102671	26.861358737750457	-1.1690049404446086
8511.380382023759	26.856108484956536	-1.2907902107885008
8709.635899560804	26.858913353602922	-1.3579564419165795
8912.509381337459	26.85434552753639	-1.4120916235389132
9120.108393559096	26.844237658784344	-1.335834409837787
9332.543007969905	26.85190971144355	-1.4270055438853149
9549.925860214358	26.865882869468876	-1.3551059569976758
9772.372209558112	26.854765694082566	-1.424679586380563
10000	26.855326880387548	-1.4740500992975
10232.929922807536	26.871871265084508	-1.5698386413509695
10471.285480508996	26.875437278705267	-1.5759569159493623
10715.19305237606	26.88442618115713	-1.625835865822296
10964.78196143185	26.87461739892553	-1.6394240300045766
11220.18454301963	26.87204899411583	-1.6753621820282518
11481.53621496883	26.866170184515283	-1.7057945265493215
11748.97554939529	26.855765454762384	-1.8193461770971027
12022.644346174131	26.854857229627527	-1.811361640349121
12302.68770812381	26.860996311240513	-1.8060392083483094
12589.254117941675	26.864928916977927	-1.8107868746879277
12882.495516931336	26.859786854383046	-1.8219255879650689
13182.567385564074	26.870583005255916	-1.9577285024793838
13489.628825916534	26.84312402506619	-2.0023557472751463
13803.842646028852	26.853716972468334	-2.028924468055017
14125.37544622754	26.854108644790685	-2.0212021230595276
14454.397707459279	26.870478594902075	-2.027320508406632
14791.08388168207	26.837048358390074	-2.2384479768726635
15135.612484362087	26.855941658075054	-2.3164283053727956
15488.166189124811	26.861294334412445	-2.2602808222461377
15848.93192461114	26.859920505206713	-2.370480815747271
16218.100973589299	26.872273523754	-2.330342985160371
16595.869074375612	26.859824744135956	-2.2553196203463983
16982.436524617442	26.859532790184634	-2.4639104552388886
17378.00828749376	26.86009424940397	-2.61480270105082
17782.79410038923	26.860463206562958	-2.5342181368119157
18197.008586099826	26.844639811420418	-2.7851125959576777
18620.871366628675	26.85835511077492	-2.5886204428749124
19054.60717963246	26.850097528276287	-2.712979112546563
19498.445997580457	26.83202889839803	-2.8502098562850335
19952.62314968879	26.82387831073293	-2.808968313155958
20417.379446695293	26.866876392555668	-2.957658275757325
20892.961308540387	26.855859174061134	-2.965207136450715
21379.620895022326	26.85351809821597	-3.1487742786129616
21877.61623949552	26.850177894381897	-3.1713874163124984
22387.2113856834	26.856343901767982	-3.388346723817179
22908.676527677722	26.844854037523902	-3.352283544549792
23442.288153199228	26.835153344744953	-3.295849865842939
23988.329190194898	26.852220415268462	-3.5497450569586704
24547.08915685031	26.83062893016003	-3.437229237584006
25118.864315095794	26.84570520558178	-3.538363434625694
25703.957827688646	26.847638812507014	-3.67269610494742
26302.679918953814	26.837012132931996	-3.62321888229107
26915.348039269167	26.838169271398584	-3.7631768724010755
27542.28703338166	26.82061348125357	-3.9652672754791354
28183.82931264455	26.83611051040574	-3.90745547231316
28840.31503126606	26.818660055486518	-4.070441596041434
29512.092266663873	26.84465866140027	-4.176238771302721
30199.51720402016	26.81580957502272	-4.044364578643581
30902.95432513592	26.806467094574185	-4.315759101932571
31622.776601683792	26.824803008163688	-4.423346427746829
32359.365692962812	26.844392016913247	-4.780425426802907
33113.11214825911	26.830075665810327	-4.636213229755782
33884.41561392024	26.84032860834213	-4.706524116064763
34673.685045253165	26.832335392782277	-4.9281258477528525
35481.33892335753	26.848115397321454	-5.244802621249541
36307.80547701014	26.771351978167818	-5.228767211675333
37153.52290971724	26.807941235888755	-5.108197473243806
38018.93963205612	26.857983897143093	-5.247763001236393
38904.51449942805	26.841393623416554	-5.424920842809408
39810.717055349734	26.821863263189748	-5.868066946334309
40738.02778041126	26.87606182932347	-5.905189392865594
41686.938347033545	26.820240343279945	-5.950973897378248
42657.95188015926	26.82023890115215	-6.124075345044957
43651.58322401661	26.787100758941946	-6.231106656628075
44668.3592150963	26.843490442975984	-6.015738153979754
45708.81896148752	26.817643688771128	-6.62127922653346
46773.51412871981	26.869592304344472	-6.64266045413531
47863.00923226385	26.75168790876064	-7.052345495142987
48977.88193684462	26.865601604106413	-7.289005833937704
50118.72336272725	26.811229094069088	-7.171576174333133
51286.138399136486	26.78314843151609	-7.539646919112229
52480.746024977285	26.823063279260193	-7.485161021353322
53703.17963702527	26.783540011289535	-7.277559389767646
54954.08738576248	26.758311744003915	-7.859358608093032
56234.13251903491	26.75650832917182	-8.144645679765077
57543.993733715666	26.780425489311	-8.196631562663363
58884.3655355589	26.775112256808114	-8.185540473550674
60255.95860743574	26.803796969461263	-8.508845309804343
61659.50018614822	26.78364728449975	-8.617618734588177
63095.734448019306	26.777826687373096	-8.795613360363198
64565.422903465565	26.806967252564966	-8.954319760075435
66069.34480075957	26.73173717970148	-9.476644135226167
67608.29753919819	26.792467853794307	-9.286969990550709
69183.09709189364	26.760819105410643	-9.824085371394233
70794.5784384138	26.765639017479007	-9.805482084202218
72443.59600749899	26.773002505049778	-9.845391613036668
74131.02413009177	26.767030631500166	-10.214174066368876
75857.75750291836	26.738371083120747	-10.597570693554871
77624.71166286919	26.748813540734574	-10.653081916737293
79432.82347242814	26.753542107026252	-10.858803997803562
81283.05161640994	26.740136984430496	-11.230073868350303
83176.37711026709	26.70540503902656	-11.512009438633697
85113.80382023768	26.74651285877555	-11.622930113481488
87096.35899560805	26.77458932101766	-11.782690677050809
89125.0938133746	26.72562409151042	-12.217732153440096
91201.08393559097	26.734582013524637	-12.5377904266347
93325.43007969914	26.711534831852397	-12.685974849321525
95499.25860214359	26.715481274357877	-13.329980203738359
97723.7220955811	26.72520353177633	-13.633458506258648
100000	26.741719663199966	-13.888305148402793
102329.29922807537	26.699675952980854	-13.985335092126775
104712.85480508996	26.67237494933708	-14.619423416829875
107151.9305237606	26.695889510363845	-14.585086549737326
109647.8196143185	26.744741461317506	-15.293878793938454
112201.8454301963	26.69494908561491	-15.408404915712154
114815.3621496883	26.712693013470876	-15.759285954849403
117489.7554939529	26.68833952367491	-16.132535669251535
120226.44346174132	26.638594995270562	-16.64203423033392
123026.87708123811	26.706328298411037	-16.664271727884238
125892.54117941676	26.701560832922805	-17.46187621383592
128824.95516931335	26.61905756450522	-17.477017667986765
131825.67385564072	26.66061766325306	-18.1183220181902
134896.28825916533	26.67172264757292	-18.335433592533604
138038.42646028852	26.674997637742635	-18.947839135593103
141253.7544622754	26.643507171940705	-19.334178308348868
144543.97707459278	26.62381607244101	-19.580386854588212
147910.8388168207	26.639637702043387	-20.103401360326828
151356.12484362087	26.622202915565634	-20.929899025933654
154881.6618912481	26.579938825094487	-21.188136021111518
158489.31924611144	26.624157835962727	-21.712913738875912
162181.00973589296	26.62057096100467	-22.048922147245335
165958.69074375613	26.638294144190233	-22.799350722730576
169824.36524617442	26.592356042243797	-23.117866202654444
173780.08287493762	26.60090039681223	-23.97026755327169
177827.94100389228	26.59678666219382	-24.34529699012586
181970.08586099825	26.60514020488519	-24.917702951827415
186208.71366628676	26.588875615861557	-25.328046400243068
190546.07179632463	26.565243168253666	-26.092223799459255
194984.45997580455	26.54457247467675	-26.616284716169645
199526.2314968879	26.56776480164293	-27.282854067853876
204173.79446695297	26.583338516552576	-27.976574249606763
208929.61308540386	26.59071224692479	-28.78611454138357
213796.20895022326	26.501547890656937	-29.401237764364474
218776.16239495517	26.537128037490383	-30.039299805495475
223872.113856834	26.507537830070383	-30.57945518326639
229086.76527677724	26.454841649563917	-31.5400282549321
234422.8815319923	26.48036558092931	-32.061136405535294
239883.29190194898	26.47033217935224	-32.98706505430437
245470.8915685031	26.458248502720853	-33.78345486434546
251188.64315095797	26.432711475134923	-34.75061980247172
257039.57827688646	26.391219174961456	-35.50128295663242
263026.7991895381	26.4044790057731	-36.44672994759469
269153.4803926917	26.328360076363886	-37.16485423698665
275422.8703338166	26.290482693813146	-37.772951005711306
281838.2931264455	26.290036490693375	-38.953462646960325
288403.15031266055	26.19350494208282	-39.68932070826438
295120.9226666387	26.158297309214568	-41.095281948194675
301995.1720402016	26.159670771851378	-41.64925753673877
309029.54325135925	26.169389362477222	-42.67588356736509
316227.76601683797	26.140037424831434	-43.36386345258674
323593.6569296281	26.07102087334419	-44.77313061210818
331131.1214825911	26.037246622533683	-45.57627102106073
338844.15613920236	26.042100009692536	-46.71425708288771
346736.85045253165	25.97872259969786	-47.8353095319253
354813.3892335753	25.883575873729164	-48.90146069137805
363078.0547701014	25.832948037790324	-49.88162557063474
371535.2290971724	25.757191566215887	-51.13283992040961
380189.39632056124	25.712506456807812	-52.15699327781908
389045.1449942805	25.66616393519555	-53.479155053146215
398107.17055349733	25.571506967394125	-54.54631902065454
407380.27780411264	25.489696547092052	-55.89731045025057
416869.3834703355	25.50416202666243	-57.2323417855968
426579.5188015926	25.373427063739896	-58.32017989601289
436515.8322401661	25.315120903331284	-59.58710846911106
446683.592150963	25.23210859760173	-60.870053124550054
457088.1896148752	25.16938984316072	-62.09991522664501
467735.1412871981	25.06738569576345	-63.56984986875027
478630.09232263855	24.994934773544184	-64.334848634275
489778.81936844613	24.990670006392122	-65.69609841938738
501187.2336272725	24.81814418283713	-68.24891618899538
512861.38399136486	24.803169588571553	-69.52233173319507
524807.4602497729	24.668755674406334	-70.04348844859543
537031.7963702526	24.471977157670203	-71.63965854295682
549540.8738576248	24.387544473966155	-73.18625225700596
562341.325190349	24.264963033447472	-74.52370958327576
575439.9373371566	24.163542451385744	-76.0532022206633
588843.655355589	23.991574558171656	-77.43342850265796
602559.5860743575	23.893301426087376	-79.1658887273814
616595.0018614822	23.780356100209037	-80.66409189247678
630957.344480193	23.652442986907975	-82.25535648132069
645654.2290346556	23.483395997100573	-83.76095141208239
660693.4480075957	23.330572183163753	-85.21831455461532
676082.9753919819	23.184115972434096	-86.91800536267469
691830.9709189363	23.05157084986419	-88.42138299558457
707945.7843841381	22.87155870552413	-89.99096500952277
724435.9600749899	22.705191168041647	-91.82246825098719
741310.2413009177	22.557379170073485	-93.36765896034223
758577.5750291835	22.39527162101141	-94.80021951964763
776247.1166286919	22.19345244594081	-96.51424621435577
794328.2347242814	22.022198035400177	-98.33776275146606
812830.5161640996	21.818870810748933	-100.17231438107848
831763.7711026708	21.63188303553429	-101.68486162349589
851138.0382023768	21.448025272525047	-103.40947429565864
870963.5899560805	21.238691051288278	-104.93987074794885
891250.9381337459	21.045417528422725	-106.692154638989
912010.8393559096	20.864972404482664	-108.3640102696736
933254.3007969914	20.623875853639817	-110.08862698618735
954992.5860214359	20.38225625260946	-111.6489524465999
977237.2209558111	20.185987963713586	-113.53358878482985
1e+06	19.94548859668272	-115.15563726613436
