Frequency (Hz)	Channel 2 Magnitude (dB)	Channel 2 Phase (deg)
100	26.826793758097697	-0.05076225691213665
102.32929922807536	26.824792220786293	0.010563205059519909
104.71285480508996	26.83708711970961	-0.02257810105393787
107.15193052376058	26.830090801129998	-0.03231352189408199
109.64781961431852	26.82589328860186	0.02506607646739667
112.2018454301963	26.84001550944719	-0.05541190380756689
114.8153621496883	26.83000732535108	0.010601063186712167
117.48975549395291	26.82259878260044	-0.060024642823218954
120.22644346174131	26.838575223816726	8.577757796501828e-06
123.02687708123811	26.828847127813447	0.015839162297794473
125.89254117941674	26.82821168375705	-0.05769695476850245
128.82495516931337	26.81939233382724	0.013485142608921308
131.82567385564073	26.828550517110877	-0.03400100206552992
134.89628825916535	26.822340558747648	-0.034555720876824125
138.03842646028852	26.829825096767838	-0.010871499870361845
141.2537544622754	26.82608862948996	-0.054468831478651225
144.5439770745928	26.835331264354636	-0.06299432027860874
147.91083881682073	26.828556419600027	-0.06223389168408744
151.35612484362088	26.837951216093078	-0.04442590847632388
154.88166189124811	26.82102037348203	-0.1225609029484076
158.48931924611142	26.83274408018304	-0.12586384788980354
162.18100973589299	26.819519375221105	-0.06795079030526097
165.95869074375616	26.827962926594306	-0.03103671294033461
169.82436524617444	26.826377636600505	-0.07737620340591889
173.78008287493762	26.82603897770946	-0.020504945395657614
177.82794100389228	26.83653018865534	0.0002003963157619637
181.97008586099827	26.8311499762737	-0.06583429650157768
186.20871366628677	26.829434762495538	-0.02587411376927662
190.5460717963248	26.831555349930497	-0.1360365134071344
194.98445997580455	26.827757630432526	-0.0002895534436930802
199.52623149688787	26.830611435748416	-0.004687518849436856
204.17379446695296	26.831585046129803	-0.06478877517875503
208.92961308540387	26.83320121578726	-0.040169975440022654
213.79620895022325	26.829896138471874	-0.06625949393972519
218.77616239495518	26.83091959138263	-0.027760714959121913
223.872113856834	26.823766543203046	-0.0665420923450668
229.08676527677724	26.82657684856306	-0.0777906891964335
234.42288153199226	26.827126797892063	-0.026175466977082618
239.88329190194898	26.817449214115427	-0.03425963777620211
245.47089156850313	26.824268528122936	-0.055302406528056736
251.18864315095794	26.82464301750536	-0.034593668078269246
257.03957827688646	26.83808095436276	0.006000804314844288
263.02679918953817	26.825539765602556	-0.0125087947760818
269.1534803926917	26.825735631353623	-0.10972541892273568
275.4228703338166	26.83484472039482	-0.094866008886072
281.8382931264455	26.822763387676734	-0.07395718884872338
288.40315031266056	26.83613213040829	-0.012903876870410613
295.1209226666384	26.82702343562815	-0.08863367467410654
301.99517204020157	26.838168688013617	-0.06144878099439666
309.0295432513592	26.82122486345779	-0.0854959061566376
316.22776601683796	26.83747405624836	-0.05647282968179468
323.5936569296281	26.836101737897717	-0.023700720322921143
331.1311214825911	26.822491515456175	-0.043484945433135636
338.8441561392027	26.823585907713216	-0.10375838759293288
346.7368504525317	26.83351612686398	-0.03098941697399482
354.8133892335753	26.832938426507766	-0.04346092243784483
363.0780547701014	26.822815386863432	-0.08919681091718701
371.5352290971724	26.83219464727088	-0.07362436079600343
380.18939632056123	26.82325198725468	-0.02167667749088764
389.0451449942805	26.83115686459915	-0.09823044986882223
398.1071705534973	26.82274072543237	-0.052878965616002915
407.3802778041126	26.831783044777282	-0.0862387267917768
416.8693834703355	26.82710888171532	-0.05988264614541805
426.5795188015926	26.826258867476014	-0.045478344463385056
436.5158322401661	26.825526770888004	-0.07280763742211604
446.683592150963	26.826279915418283	-0.03877080811906808
457.0881896148752	26.833221197472945	-0.09934501208499569
467.73514128719813	26.830443544563064	-0.0666678270611456
478.6300923226385	26.827056285350523	-0.181781090952569
489.7788193684461	26.83328109983046	-0.11714138385087836
501.1872336272725	26.82052521664646	-0.1070864073480493
512.8613839913648	26.82280052690782	-0.09836081478198722
524.8074602497722	26.829977918082374	-0.13146055530845047
537.0317963702527	26.826205394785497	-0.12334889221018841
549.5408738576248	26.82137268957423	-0.0712463325147894
562.3413251903492	26.82058174936772	-0.10791625132645777
575.4399373371566	26.821625083410645	-0.06749906509202219
588.8436553555889	26.82120102757507	-0.10299766979089497
602.5595860743581	26.821207373681297	-0.06437658755420728
616.5950018614823	26.824157052649497	-0.09512600286643647
630.957344480193	26.827119056476096	-0.16316502410889555
645.6542290346556	26.815225778222068	-0.11454011539365183
660.6934480075957	26.82481111034039	-0.13543467197638392
676.0829753919819	26.823182442199247	-0.09914192704471247
691.8309709189363	26.83153173944895	-0.16389850266808637
707.945784384138	26.8335163855157	-0.14229491571217068
724.4359600749898	26.829415868128457	-0.09625962562568446
741.3102413009177	26.817008046611267	-0.1162618054564426
758.5775750291835	26.828666433317782	-0.22523475943972926
776.247116628692	26.823612347283724	-0.10678800033382885
794.3282347242813	26.827645418393658	-0.18350057007148735
812.8305161640994	26.829809430823918	-0.1049713742349283
831.7637711026708	26.822246711545404	-0.1407941202570555
851.1380382023768	26.823002467755657	-0.16374008989138744
870.9635899560805	26.815875184648014	-0.16932142339810863
891.2509381337459	26.827040610458862	-0.19221313157052577
912.0108393559096	26.824605455557474	-0.17738358563074996
933.2543007969905	26.818596433839588	-0.15539097101776633
954.992586021436	26.829919091665637	-0.19280906958887556
977.2372209558112	26.814326057179013	-0.15808915777682842
1000	26.829268411519948	-0.1713326929164367
1023.2929922807535	26.827683769512202	-0.2567061664828003
1047.1285480508996	26.83434624799296	-0.1725923503544493
1071.519305237607	26.82805304043232	-0.21160200707006993
1096.4781961431852	26.839118350474443	-0.181392224698385
1122.018454301963	26.82656315545803	-0.22216540213603864
1148.1536214968828	26.814043865572646	-0.11804268437244758
1174.8975549395304	26.81265683426714	-0.18198645745747655
1202.264434617413	26.82558789775769	-0.18433165099833104
1230.2687708123813	26.826398574404312	-0.20123156188232372
1258.9254117941675	26.83183311996188	-0.16620589184651635
1288.249551693135	26.815464635334433	-0.2473333970440592
1318.2567385564075	26.819842468599006	-0.20392692875120133
1348.9628825916532	26.81970034218477	-0.24303586752969153
1380.3842646028838	26.822957793593677	-0.10899906907874879
1412.537544622754	26.831337175518073	-0.20218684305713452
1445.439770745928	26.818110472962577	-0.2134560941426571
1479.1083881682073	26.82359877487211	-0.213466291412999
1513.5612484362073	26.81689878261078	-0.20000592351647484
1548.816618912481	26.83258215974717	-0.17075849914655805
1584.893192461114	26.82324755123907	-0.2568668640801093
1621.8100973589296	26.82575072790538	-0.22447112093753674
1659.5869074375598	26.82753554115007	-0.32689836474997946
1698.2436524617442	26.817956000270335	-0.2930077913609921
1737.8008287493763	26.822837698104077	-0.3006772888805642
1778.2794100389228	26.82832068325655	-0.28811700772629933
1819.7008586099826	26.81514238657893	-0.36681800879205895
1862.0871366628676	26.82415393342478	-0.4128228311757933
1905.4607179632483	26.82385751066709	-0.27407113735333155
1949.8445997580457	26.841043310352294	-0.40509550102673586
1995.2623149688789	26.81092682660517	-0.23643866166804628
2041.7379446695297	26.80391252812068	-0.3155194099095695
2089.2961308540407	26.828124931079536	-0.33041508910463335
2137.9620895022326	26.825917462543583	-0.44028290022811234
2187.761623949552	26.822813192555166	-0.40746468340252306
2238.72113856834	26.811442845542576	-0.3318036392131205
2290.8676527677744	26.826661934533	-0.324995479598158
2344.2288153199224	26.83056908007863	-0.3784303928710102
2398.83291901949	26.82798834574134	-0.4073377188445022
2454.7089156850284	26.82507912836391	-0.47538173877936885
2511.8864315095793	26.812804270651377	-0.39857511787090516
2570.3957827688646	26.818821856741764	-0.5196275074644774
2630.2679918953813	26.819724437086027	-0.4080097544096688
2691.534803926914	26.821400723817824	-0.4712499866292319
2754.228703338166	26.835652326349532	-0.5203895897997342
2818.382931264455	26.829531468105202	-0.4243297928649401
2884.0315031266055	26.820395993549976	-0.4197903252105277
2951.2092266663844	26.81028970402084	-0.5122693692963418
3019.9517204020162	26.8201178153434	-0.49498667025815735
3090.295432513592	26.812543620562494	-0.4725407776611128
3162.2776601683795	26.816474945377923	-0.6241094945900727
3235.936569296281	26.821191029802982	-0.5168210402400462
3311.311214825911	26.809458362815498	-0.4361735089547807
3388.4415613920273	26.816131619775287	-0.4935780958627234
3467.368504525317	26.806023223526402	-0.6009111549885908
3548.1338923357534	26.81897086511709	-0.5996917094081198
3630.780547701014	26.82346847294513	-0.5535948203838075
3715.352290971728	26.82368486156954	-0.6245653507693874
3801.8939632056126	26.81617538297698	-0.4879360404449997
3890.451449942805	26.821073404581497	-0.5890935255854828
3981.0717055349733	26.818110929328082	-0.6247134699616907
4073.8027780411303	26.811175205451118	-0.6103091384071035
4168.693834703356	26.817276897972178	-0.6604625457350153
4265.795188015926	26.817274324337326	-0.6866093708072754
4365.158322401657	26.82278722397653	-0.6489937477585954
4466.835921509631	26.821295233283784	-0.6811379948282337
4570.881896148752	26.81819677013891	-0.7662017726440382
4677.351412871981	26.80374513408122	-0.8302212277167058
4786.30092322638	26.81334492349805	-0.725571196232373
4897.788193684461	26.803913555727192	-0.8436528256798681
5011.872336272725	26.803212682285494	-0.779150601292514
5128.613839913648	26.825631541261078	-0.7515487819891007
5248.0746024977225	26.81687667770563	-0.8227321922620519
5370.317963702527	26.817976661744257	-0.8074412736335432
5495.408738576248	26.814361280302165	-0.8711069779763179
5623.413251903491	26.801536999740105	-0.8615242064911968
5754.399373371567	26.80297371994342	-0.9365100221529303
5888.43655355589	26.80198642432128	-0.8992389009435584
6025.5958607435805	26.804066144456975	-0.8365971031653316
6165.9500186148225	26.795797833338884	-0.9102418042309495
6309.57344480193	26.815452096888674	-1.0310258014517188
6456.542290346556	26.812057778278152	-1.069445558251914
6606.9344800759645	26.806752733146247	-0.9865032820374893
6760.829753919818	26.817262163428758	-1.0743178495291943
6918.309709189362	26.807829802588373	-1.0220880560555372
7079.45784384138	26.82007892659699	-1.0197688677578753
7244.359600749906	26.812050502419126	-1.0875237476238908
7413.102413009176	26.795303403941276	-1.0149399460598847
7585.775750291836	26.796115693080296	-1.293729130070389
7762.471166286911	26.781190477915693	-1.1604883556716317
7943.282347242814	26.797502805445355	-1.1611933853231378
8128.305161640995	26.821181390422907	-1.240596198810806
8317.63771102671	26.80091238017254	-1.2449314419023665
8511.380382023759	26.78568034227753	-1.213063874272315
8709.635899560804	26.794464916243115	-1.3129935392965137
8912.509381337459	26.791373439366872	-1.2868279346575648
9120.108393559096	26.81053607566369	-1.4433440055313485
9332.543007969905	26.7913191840394	-1.2912197719145269
9549.925860214358	26.78886971373227	-1.3432361618716584
9772.372209558112	26.815604446763047	-1.5017463652905825
10000	26.797319296411175	-1.4517985219726484
10232.929922807536	26.783634502313234	-1.487626655529553
10471.285480508996	26.804042568546393	-1.4743040766315971
10715.19305237606	26.799776097546363	-1.6350182274513223
10964.78196143185	26.76691383066727	-1.578987507872327
11220.18454301963	26.808334167108075	-1.6607958034479111
11481.53621496883	26.799862465719542	-1.7596340746339507
11748.97554939529	26.812841424915547	-1.6829573796364912
12022.644346174131	26.788112942475763	-1.7809278275830565
12302.68770812381	26.80862146234344	-1.6284189170156012
12589.254117941675	26.781414477930454	-1.7062390209740101
12882.495516931336	26.792076110410278	-1.848430340529319
13182.567385564074	26.795837849493672	-1.881028746191305
13489.628825916534	26.808108136486485	-1.9213634820266634
13803.842646028852	26.77904343861707	-1.9480661727040847
14125.37544622754	26.804920306319207	-2.0343253631491507
14454.397707459279	26.776235239647832	-2.037230866490205
14791.08388168207	26.79434150389963	-2.204736392373455
15135.612484362087	26.799276404093067	-2.006930230041206
15488.166189124811	26.802426349643888	-2.029955010025148
15848.93192461114	26.796764330719274	-2.200207048414171
16218.100973589299	26.798382580157018	-2.410125586708517
16595.869074375612	26.779424240705737	-2.452999569769986
16982.436524617442	26.786332332220915	-2.4417851166367655
17378.00828749376	26.795054547571905	-2.4360725818189337
17782.79410038923	26.790558335160426	-2.372836222311747
18197.008586099826	26.79705104625998	-2.607651357497673
18620.871366628675	26.796561691505136	-2.628409222483029
19054.60717963246	26.790727333870407	-2.707580296889642
19498.445997580457	26.783756322260363	-2.7250210965353574
19952.62314968879	26.780120659374887	-2.8435417858944376
20417.379446695293	26.77403127981964	-2.947841488056781
20892.961308540387	26.775431037931114	-3.0553715895922906
21379.620895022326	26.773712305214183	-2.9427840715038798
21877.61623949552	26.785172428030386	-3.194352041791177
22387.2113856834	26.78429080020413	-3.086213536086319
22908.676527677722	26.779045368903404	-3.2167741279167323
23442.288153199228	26.799295160912084	-3.3851233101087814
23988.329190194898	26.803599218446106	-3.5397370143388116
24547.08915685031	26.80441248732365	-3.46765262841825
25118.864315095794	26.776437396932575	-3.5438565888982154
25703.957827688646	26.77604706422036	-3.5091020005012297
26302.679918953814	26.751832299041197	-3.5623610850766525
26915.348039269167	26.768965634035826	-3.742599858221041
27542.28703338166	26.7694662436833	-3.986965472930464
28183.82931264455	26.78084385806399	-3.711512123871742
28840.31503126606	26.77640158418591	-3.957410395644871
29512.092266663873	26.77977962951101	-4.066285426420649
30199.51720402016	26.75472963215128	-4.253328670715035
30902.95432513592	26.768667895401684	-4.255211512037363
31622.776601683792	26.75468530181902	-4.222620286416259
32359.365692962812	26.763527958761557	-4.312993446170793
33113.11214825911	26.755973145985855	-4.534027076373036
33884.41561392024	26.75230739012045	-4.6420802327001525
34673.685045253165	26.779562374290002	-4.631269686329766
35481.33892335753	26.779297036419635	-4.656732833051535
36307.80547701014	26.765542951452275	-4.89237761749213
37153.52290971724	26.773587556961704	-4.952882018947001
38018.93963205612	26.782095331330652	-5.114127910191172
38904.51449942805	26.71420954061996	-5.098051156605408
39810.717055349734	26.74909253072014	-5.444245900912961
40738.02778041126	26.778985392243722	-5.418267485498319
41686.938347033545	26.779754794281793	-5.707165476440963
42657.95188015926	26.739171561353924	-5.713428362540071
43651.58322401661	26.75396390269247	-6.182639078988554
44668.3592150963	26.70254218935026	-6.270800389059147
45708.81896148752	26.7157453606438	-6.75701353426718
46773.51412871981	26.74484773340835	-6.19295507012653
47863.00923226385	26.74830714326594	-6.4290662626547785
48977.88193684462	26.732890565227567	-6.620161333691726
50118.72336272725	26.78590326086383	-7.062138876944218
51286.138399136486	26.76494209368123	-7.095476621382915
52480.746024977285	26.71198229138995	-7.095099142747927
53703.17963702527	26.721913908158456	-7.571791451988474
54954.08738576248	26.67341355902582	-7.5743634787244645
56234.13251903491	26.76907776375032	-7.655501220867592
57543.993733715666	26.728664710528367	-7.949279494464378
58884.3655355589	26.754301985030693	-8.160681510175152
60255.95860743574	26.73088168951976	-8.141959151666924
61659.50018614822	26.730187419444857	-8.38248911754306
63095.734448019306	26.712134905955097	-8.54217612784305
64565.422903465565	26.72418620558371	-8.829282266788752
66069.34480075957	26.71824393981275	-9.269540576364008
67608.29753919819	26.73064656315189	-8.941407690247097
69183.09709189364	26.750150460833982	-8.988936285225165
70794.5784384138	26.72138165560018	-9.493893914392002
72443.59600749899	26.686763120748328	-9.963276549478636
74131.02413009177	26.680835093909053	-9.812607422204692
75857.75750291836	26.668403441441484	-10.260577403413455
77624.71166286919	26.68941835003104	-10.11482245357783
79432.82347242814	26.683026940396537	-10.759202599216962
81283.05161640994	26.67870522815797	-10.775029517988713
83176.37711026709	26.71299277960656	-11.044080926439335
85113.80382023768	26.68532252952182	-11.516722715153442
87096.35899560805	26.66647713487899	-11.557630260874873
89125.0938133746	26.722854199931817	-11.89662038695063
91201.08393559097	26.677467017726126	-12.196353905143212
93325.43007969914	26.668622409915784	-12.596106015794987
95499.25860214359	26.680161985206418	-12.531789062291978
97723.7220955811	26.646042972024215	-12.81517088480146
100000	26.641845106127725	-13.293578187881053
102329.29922807537	26.67656292428528	-13.405545290972789
104712.85480508996	26.662383596962236	-14.04901756685829
107151.9305237606	26.665827174033787	-14.179015546575755
109647.8196143185	26.635080210930226	-14.188417767500288
112201.8454301963	26.687412016404455	-14.860297715543894
114815.3621496883	26.643116260428798	-15.253456089776705
117489.7554939529	26.684854110898932	-15.654918160004556
120226.44346174132	26.66046917652941	-15.952278084514546
123026.87708123811	26.657431329622113	-16.345164282653855
125892.54117941676	26.62808693895507	-16.725980491398616
128824.95516931335	26.57679597496979	-16.902036681403388
131825.67385564072	26.62332689076974	-17.465765099144846
134896.28825916533	26.651285027281624	-17.939097328767083
138038.42646028852	26.626634159750616	-18.631808891183155
141253.7544622754	26.55522060991151	-18.47998720489278
144543.97707459278	26.631055637437218	-19.21766359783897
147910.8388168207	26.608208344178234	-19.537102883978477
151356.12484362087	26.643245574543887	-20.148506369419948
154881.6618912481	26.594317709885328	-20.423979289864945
158489.31924611144	26.623318624098577	-20.992180267870566
162181.00973589296	26.589300731753806	-21.520427431891232
165958.69074375613	26.594482139884185	-22.059419935337814
169824.36524617442	26.534226814994746	-22.55170507660894
173780.08287493762	26.58710126679107	-22.9278997099633
177827.94100389228	26.620245204163187	-23.511311027088112
181970.08586099825	26.587597653597477	-24.004872368298
186208.71366628676	26.53605835226815	-24.591314868417598
190546.07179632463	26.524980106453512	-25.166564787518467
194984.45997580455	26.571529613315974	-25.967364878143204
199526.2314968879	26.550868793270226	-25.95003947930246
204173.79446695297	26.568050293008753	-26.896112379144057
208929.61308540386	26.50902845642112	-27.66425083599949
213796.20895022326	26.494417201191133	-28.321014436576988
218776.16239495517	26.493041171595976	-29.1041183704711
223872.113856834	26.518393045317307	-30.102274013082425
229086.76527677724	26.520520995587486	-30.509246364497628
234422.8815319923	26.525060293399207	-31.11056695091031
239883.29190194898	26.498181200766936	-32.51394883882074
245470.8915685031	26.497456439776144	-32.56075396545734
251188.64315095797	26.396684754474894	-33.592293117271055
257039.57827688646	26.44690040440555	-34.42568053444319
263026.7991895381	26.428032863496686	-35.209164613793504
269153.4803926917	26.436085730446877	-35.95571759403417
275422.8703338166	26.331850796340795	-37.18067319111431
281838.2931264455	26.36465395751173	-38.062110844183835
288403.15031266055	26.330866311226547	-38.685422978758396
295120.9226666387	26.25924371901811	-39.96194111898626
301995.1720402016	26.261742351063017	-40.811215263718594
309029.54325135925	26.22526135056407	-41.4651737825443
316227.76601683797	26.17064462182016	-42.32375506109395
323593.6569296281	26.1759973117831	-43.69715670777438
331131.1214825911	26.13327523036954	-44.89303515095753
338844.15613920236	26.04875833352586	-45.77720740237716
346736.85045253165	26.03941591943339	-46.865699221397946
354813.3892335753	25.950111824717574	-48.202502299467994
363078.0547701014	25.902637808309684	-48.94238780401075
371535.2290971724	25.88023746656124	-49.97445980731716
380189.39632056124	25.816994033647763	-51.261370232803245
389045.1449942805	25.778278706871333	-52.67551769127499
398107.17055349733	25.733600845064597	-53.944299507809504
407380.27780411264	25.651006884755823	-54.97640748500356
416869.3834703355	25.60068377468471	-56.280510187424404
426579.5188015926	25.54058929096266	-57.420108478484025
436515.8322401661	25.4768875880444	-58.84746822836326
446683.592150963	25.369649124605846	-60.07355417519324
457088.1896148752	25.313092544713843	-61.351978986846234
467735.1412871981	25.190227699472707	-63.00961039949734
478630.09232263855	24.957634853187294	-63.9073839796639
489778.81936844613	25.18422016477252	-64.77720901920344
501187.2336272725	24.926189758384226	-65.64173310624273
512861.38399136486	24.72648860962886	-68.87910050681467
524807.4602497729	24.827289989189076	-69.43729881084144
537031.7963702526	24.61502881225034	-71.39689866627862
549540.8738576248	24.520785622533726	-72.80077479181074
562341.325190349	24.407159826240456	-74.15427410446254
575439.9373371566	24.282657739139477	-75.68595336716498
588843.655355589	24.203397264208103	-77.33472831196059
602559.5860743575	24.079425124647628	-78.9716969578933
616595.0018614822	23.909427358418217	-80.43794764705476
630957.344480193	23.809140799665247	-81.91445813949478
645654.2290346556	23.655765772359718	-83.48342797637329
660693.4480075957	23.512998382478276	-85.086863507294
676082.9753919819	23.347442526637817	-86.74827717859559
691830.9709189363	23.210327376232257	-88.33109202334629
707945.7843841381	23.04422971078794	-90.1432816525911
724435.9600749899	22.87424310575968	-91.59615310348983
741310.2413009177	22.69167646461408	-93.11871287707017
758577.5750291835	22.5264596076979	-95.17036795477448
776247.1166286919	22.34213783642854	-96.66025846647028
794328.2347242814	22.168952492545667	-98.24355098075674
812830.5161640996	21.940742511989257	-100.12524658813953
831763.7711026708	21.728545941483112	-101.81384976673186
851138.0382023768	21.58933761319457	-103.43515054567347
870963.5899560805	21.35079237465789	-105.04862494113979
891250.9381337459	21.135439405397545	-106.90591692391297
912010.8393559096	20.914639491186946	-108.70868047006326
933254.3007969914	20.72070654388735	-110.1916810767523
954992.5860214359	20.45029310470249	-112.0195657958034
977237.2209558111	20.264097727911757	-113.66161581233337
1e+06	20.028613781632963	-115.23729401101389
