Frequency (Hz)	Channel 2 Magnitude (dB)	Channel 2 Phase (deg)
100	26.87692642501711	-0.019091935938959637
102.32929922807536	26.881216226435928	0.005640996100396478
104.71285480508996	26.879387664457486	-0.0229356773001399
107.15193052376058	26.87952086202904	0.03430778596119488
109.64781961431852	26.870481002164265	0.00045937295052134175
112.2018454301963	26.878752694335653	-0.028845609774805325
114.8153621496883	26.87656170869144	-0.017500007244095173
117.48975549395291	26.88025109516252	-0.03196203182805846
120.22644346174131	26.876661973583083	-0.021891611383543064
123.02687708123811	26.87898070693987	-0.011299496228724948
125.89254117941674	26.87514667616339	-0.05805132468024937
128.82495516931337	26.883481456684585	-0.011615099348617264
131.82567385564073	26.873879970566158	-0.020884311221863072
134.89628825916535	26.877509939538662	-0.11189772246873986
138.03842646028852	26.88266694971004	-0.04476335891215122
141.2537544622754	26.8780340911813	-0.028498536727198598
144.5439770745928	26.88005606075254	-0.030221345300276425
147.91083881682073	26.875777839210077	-0.016050004016989305
151.35612484362088	26.87481458564143	-0.04507357080305496
154.88166189124811	26.881969982255406	-0.05278277175807489
158.48931924611142	26.879762827176382	-0.019361350012601974
162.18100973589299	26.873906423286094	-0.00716189156388225
165.95869074375616	26.87546980972471	-0.039873167518777564
169.82436524617444	26.875617964929447	-0.04559508012916069
173.78008287493762	26.876452143831138	-0.019427740885888056
177.82794100389228	26.879241652745087	0.011304919512852507
181.97008586099827	26.875362612937316	-0.041516130668753704
186.20871366628677	26.88436114280701	-0.052635449016833036
190.5460717963248	26.87973224420702	-0.030856041523853683
194.98445997580455	26.885482082227185	-0.040639587478565886
199.52623149688787	26.88101882044301	-0.06972262675770935
204.17379446695296	26.872521909852146	-0.044451022868670975
208.92961308540387	26.871150529862128	-0.0483389395387519
213.79620895022325	26.884658368708983	-0.03133551587384886
218.77616239495518	26.873358583529775	-0.06460819005346607
223.872113856834	26.87591784976352	-0.010718318799220583
229.08676527677724	26.8831186932769	-0.07126594625392357
234.42288153199226	26.873982907319895	-0.020857018070230993
239.88329190194898	26.873792017466958	-0.005258243485823044
245.47089156850313	26.874882397075922	-0.04858759694047032
251.18864315095794	26.87735697759115	-0.02337509052210862
257.03957827688646	26.875932756292215	-0.028648857249404358
263.02679918953817	26.87818847163428	-0.06609035185324785
269.1534803926917	26.88495747142856	-0.07422517667968975
275.4228703338166	26.87733083359916	-0.04080660034480843
281.8382931264455	26.875319806949914	-0.043592533059296557
288.40315031266056	26.87754359275312	-0.05859664533871012
295.1209226666384	26.881164887133814	-0.04797372214905238
301.99517204020157	26.874613617752743	-0.054668940201563654
309.0295432513592	26.86872333797841	-0.06732268972245947
316.22776601683796	26.87613756356353	-0.05003704507485196
323.5936569296281	26.874419854145778	-0.07212059870269627
331.1311214825911	26.875655709886807	-0.034266105051131035
338.8441561392027	26.878088272933933	-0.04627612190670338
346.7368504525317	26.884146462223537	-0.10537991332509478
354.8133892335753	26.87177238396714	-0.06318384530533194
363.0780547701014	26.87313172839161	-0.03750402778976536
371.5352290971724	26.87895929761488	-0.07591344576536585
380.18939632056123	26.872625238506124	-0.09211840258441839
389.0451449942805	26.870136686171712	-0.1000409723933231
398.1071705534973	26.875486833877595	-0.043140367035618965
407.3802778041126	26.87509634823412	-0.09420913127331687
416.8693834703355	26.874413923169904	-0.08025279896878601
426.5795188015926	26.878868593789885	-0.06310516354874807
436.5158322401661	26.864439934740446	-0.06238617838793914
446.683592150963	26.877709451764183	-0.0884999256148582
457.0881896148752	26.86746118482745	-0.12822252726302708
467.73514128719813	26.876931421706132	-0.12303453844061885
478.6300923226385	26.868583817082	-0.06245904018834669
489.7788193684461	26.8754600028941	-0.10106594306207262
501.1872336272725	26.873568572461174	-0.0777220407917838
512.8613839913648	26.87557952018961	-0.12193653338460564
524.8074602497722	26.876083062127005	-0.058265929581445164
537.0317963702527	26.88648469943775	-0.11827757194095057
549.5408738576248	26.874433410591582	-0.12303581356778182
562.3413251903492	26.877955454125555	-0.09332928089496306
575.4399373371566	26.8772606680269	-0.11489746921195376
588.8436553555889	26.86882598262129	-0.08266627903439883
602.5595860743581	26.876460017101678	-0.13170312162027642
616.5950018614823	26.88088265415642	-0.11757553288327927
630.957344480193	26.87639033005741	-0.1596235443090226
645.6542290346556	26.881950091528278	-0.07946245268755092
660.6934480075957	26.86704435672995	-0.11739534054933287
676.0829753919819	26.878770787536762	-0.10278585986439737
691.8309709189363	26.864461194338325	-0.07252940353821913
707.945784384138	26.87750632442598	-0.16007323179741206
724.4359600749898	26.872434703473257	-0.11882431914394687
741.3102413009177	26.866952505991666	-0.09741415522323393
758.5775750291835	26.880910130043908	-0.17579268446792184
776.247116628692	26.876006946244452	-0.0856026827682399
794.3282347242813	26.877128249908928	-0.1422794571382937
812.8305161640994	26.882718810297913	-0.058918798930021055
831.7637711026708	26.87140835463067	-0.09705358318515778
851.1380382023768	26.884120529294947	-0.18189988702427584
870.9635899560805	26.8809413894052	-0.05765693693260232
891.2509381337459	26.86690585172583	-0.17344788156721336
912.0108393559096	26.875739227301754	-0.15515963630207352
933.2543007969905	26.87825729288758	-0.1519179315650092
954.992586021436	26.87944312898515	-0.1421935117658819
977.2372209558112	26.874262954636823	-0.15112673084598782
1000	26.867247713264693	-0.1680804112643699
1023.2929922807535	26.873830843751506	-0.14122031058386142
1047.1285480508996	26.875701397874742	-0.18035434824282337
1071.519305237607	26.876522468087778	-0.20221722064884773
1096.4781961431852	26.87383587803115	-0.20432335132441892
1122.018454301963	26.876284355914912	-0.1878852595338003
1148.1536214968828	26.869906629325246	-0.14849842247585343
1174.8975549395304	26.87836509425327	-0.2035661668462403
1202.264434617413	26.870866044955235	-0.20214400113880515
1230.2687708123813	26.869881789020486	-0.26879371575290634
1258.9254117941675	26.873122008766103	-0.20071324902025367
1288.249551693135	26.877062706508	-0.16913771093638275
1318.2567385564075	26.884297317195568	-0.22903768535769586
1348.9628825916532	26.86054871340189	-0.19099679789840707
1380.3842646028838	26.86787368334983	-0.28164319415732564
1412.537544622754	26.861718624034907	-0.2682674859274101
1445.439770745928	26.869701608538534	-0.24156643421125068
1479.1083881682073	26.87744574411053	-0.24809967402775612
1513.5612484362073	26.866486625287642	-0.26530461638999725
1548.816618912481	26.88034695206136	-0.31020505438849
1584.893192461114	26.86971503821543	-0.3300927604401096
1621.8100973589296	26.880496719589377	-0.38395177862327046
1659.5869074375598	26.885875895762467	-0.33635176086171725
1698.2436524617442	26.869180256029615	-0.22748934076537353
1737.8008287493763	26.871337245416925	-0.28581770551515717
1778.2794100389228	26.883624775533853	-0.36341467655768156
1819.7008586099826	26.865761330586174	-0.3320972322959932
1862.0871366628676	26.86782859971276	-0.3034627210624382
1905.4607179632483	26.882267913189956	-0.30821859010094954
1949.8445997580457	26.87423858829547	-0.3049490889760591
1995.2623149688789	26.864199015106912	-0.39743139633903013
2041.7379446695297	26.866375288023274	-0.32018484368381905
2089.2961308540407	26.86134422437521	-0.45076315027745295
2137.9620895022326	26.875071026035084	-0.3635875767197376
2187.761623949552	26.865371183541033	-0.22662554208119445
2238.72113856834	26.872022794774466	-0.3681766217193285
2290.8676527677744	26.87650679625331	-0.3589791263687232
2344.2288153199224	26.868638862447103	-0.44135566123204484
2398.83291901949	26.87461721555525	-0.3655183233982342
2454.7089156850284	26.864696513036762	-0.4458068621914322
2511.8864315095793	26.86887687286186	-0.3987719613386105
2570.3957827688646	26.87023283391315	-0.4348875372918002
2630.2679918953813	26.8727335634442	-0.43235493965479677
2691.534803926914	26.873255852054502	-0.41508769296639514
2754.228703338166	26.860771774651727	-0.3988875754411083
2818.382931264455	26.87030957506391	-0.4590640853446075
2884.0315031266055	26.869447983620127	-0.32236756274171785
2951.2092266663844	26.87501009885031	-0.4712559597872712
3019.9517204020162	26.868000219959317	-0.6213540703649194
3090.295432513592	26.85978091189235	-0.4738302436577442
3162.2776601683795	26.863191859515958	-0.46018357792564757
3235.936569296281	26.871449287754512	-0.46078221579796264
3311.311214825911	26.8656778996358	-0.5348397103084608
3388.4415613920273	26.86652519391838	-0.48076567896235645
3467.368504525317	26.864207275982416	-0.6142786594702159
3548.1338923357534	26.86562789547658	-0.4754987120688696
3630.780547701014	26.864087925449965	-0.5027146139701841
3715.352290971728	26.872719805268662	-0.48083538689265026
3801.8939632056126	26.864050075728116	-0.628723895905047
3890.451449942805	26.862321551650588	-0.592978987993817
3981.0717055349733	26.85756067780432	-0.560937245743439
4073.8027780411303	26.861690610344912	-0.5224171806545428
4168.693834703356	26.855516726097896	-0.6729977976276444
4265.795188015926	26.863442134838866	-0.6647903289859585
4365.158322401657	26.879275123099113	-0.6473120162971178
4466.835921509631	26.856652187574763	-0.5832897778313963
4570.881896148752	26.874678371742892	-0.7030143913549551
4677.351412871981	26.852543064462417	-0.6509001668392784
4786.30092322638	26.871706479489326	-0.6302590149855121
4897.788193684461	26.84110894314542	-0.7218893929609749
5011.872336272725	26.865067444060664	-0.6905109410876844
5128.613839913648	26.858052429538517	-0.803518929629746
5248.0746024977225	26.856014525375237	-0.7835976736902239
5370.317963702527	26.86852248666561	-0.7870446043435217
5495.408738576248	26.85965131623757	-0.828111750224366
5623.413251903491	26.84347114918729	-0.8929936352362873
5754.399373371567	26.864131348893068	-0.796519763196823
5888.43655355589	26.861807610750432	-0.8063373629786099
6025.5958607435805	26.85941163386675	-0.8073767044847528
6165.9500186148225	26.854949387524943	-0.9377148447037484
6309.57344480193	26.852379321884005	-0.9423467328393684
6456.542290346556	26.853210272427525	-0.95144839253161
6606.9344800759645	26.850159612231508	-0.8982537933925556
6760.829753919818	26.856084647129673	-0.8924121107970961
6918.309709189362	26.847875033474388	-0.9475781501404015
7079.45784384138	26.843225260759564	-1.112837624469904
7244.359600749906	26.8523329381369	-1.0870407913294002
7413.102413009176	26.844875432270673	-0.9927299442433934
7585.775750291836	26.86074426767773	-1.18177543810026
7762.471166286911	26.852490272559066	-1.1139053232085168
7943.282347242814	26.865253736087787	-1.1659836815913565
8128.305161640995	26.843991636221215	-0.9977938357196733
8317.63771102671	26.868752547282966	-1.064708813463433
8511.380382023759	26.86308993921592	-1.1469558638010398
8709.635899560804	26.819455484729012	-1.2161968002353944
8912.509381337459	26.846369954541487	-1.2175476178053373
9120.108393559096	26.83449733335351	-1.2252187414810578
9332.543007969905	26.845127826818974	-1.3075962828771566
9549.925860214358	26.844320643968366	-1.247809145737392
9772.372209558112	26.855407806686436	-1.4448729134917357
10000	26.85812324776339	-1.4183442180456325
10232.929922807536	26.86042996382939	-1.3800352675125485
10471.285480508996	26.848216008317877	-1.2569957420721458
10715.19305237606	26.843974580593173	-1.4432833768500046
10964.78196143185	26.86131779938867	-1.52019837486446
11220.18454301963	26.84334424724884	-1.4671384393182336
11481.53621496883	26.840796242769546	-1.7084488407937997
11748.97554939529	26.845698337999814	-1.6069320632603024
12022.644346174131	26.863364683280437	-1.5468472816299865
12302.68770812381	26.860274444668043	-1.6470671312917666
12589.254117941675	26.84093325269885	-1.5413581959845786
12882.495516931336	26.861971287743117	-1.8242595195761044
13182.567385564074	26.85632623809472	-1.5987160111210557
13489.628825916534	26.82672609676809	-1.87413026534432
13803.842646028852	26.84062310584927	-1.863509121071317
14125.37544622754	26.82555039917174	-1.9715901335077888
14454.397707459279	26.838900250662338	-1.8042833492330566
14791.08388168207	26.85075632585452	-1.8743683538678226
15135.612484362087	26.828882924055417	-2.015808672547678
15488.166189124811	26.856513904985796	-2.0947294782103256
15848.93192461114	26.822588283645302	-2.0451457543620855
16218.100973589299	26.84499994836473	-2.0553364315483407
16595.869074375612	26.86164555773182	-2.2204452003026063
16982.436524617442	26.82222074544425	-2.056077977600154
17378.00828749376	26.828543609072895	-2.2609213895675424
17782.79410038923	26.850745711806656	-2.2999781372902532
18197.008586099826	26.830580441666893	-2.2826204845919165
18620.871366628675	26.83341578066484	-2.385447878787063
19054.60717963246	26.829455528276508	-2.4822553729017045
19498.445997580457	26.831161018289478	-2.6773342381221994
19952.62314968879	26.865335188666478	-2.5431594027582207
20417.379446695293	26.83781024437213	-2.6323991533719777
20892.961308540387	26.831541135089783	-2.7831326386250748
21379.620895022326	26.831908566268993	-2.835380772771579
21877.61623949552	26.84651660487415	-2.9462408271953677
22387.2113856834	26.81832034700855	-2.724221532992537
22908.676527677722	26.84757818595716	-2.8894576910457914
23442.288153199228	26.84272275744064	-3.0371857296166667
23988.329190194898	26.84507466287102	-3.0170637782197787
24547.08915685031	26.831526722528693	-3.1334185238734626
25118.864315095794	26.83046681355425	-3.149322351959931
25703.957827688646	26.843474132664916	-3.338080846944706
26302.679918953814	26.82620236994	-3.5193352843872674
26915.348039269167	26.85015059434113	-3.444244319927563
27542.28703338166	26.81487591655371	-3.5254196815236654
28183.82931264455	26.80497136858794	-3.620976816782445
28840.31503126606	26.82993575899493	-3.6837549582054407
29512.092266663873	26.819213023902876	-3.977153247364271
30199.51720402016	26.84860640381913	-3.71060705872776
30902.95432513592	26.818374744606295	-4.082996514640399
31622.776601683792	26.82807945977837	-3.967826233971863
32359.365692962812	26.831130012663884	-4.132079233254217
33113.11214825911	26.841455704688023	-4.221235698488094
33884.41561392024	26.84648948832102	-4.198203211251705
34673.685045253165	26.84106390308933	-4.423143592156336
35481.33892335753	26.83862965587241	-4.353303805508226
36307.80547701014	26.847767554563408	-4.713940008771743
37153.52290971724	26.821673861979896	-4.576866009541256
38018.93963205612	26.815862515671544	-4.751803965840423
38904.51449942805	26.851930990949114	-5.114078082397587
39810.717055349734	26.876107668860357	-4.890234710227475
40738.02778041126	26.826839868218123	-5.270001291426183
41686.938347033545	26.86003524051538	-5.570619084549072
42657.95188015926	26.839297150902972	-5.339447002585452
43651.58322401661	26.82734047516305	-5.765818437513172
44668.3592150963	26.82787883821866	-5.778262739920251
45708.81896148752	26.802815047055514	-5.406085312951234
46773.51412871981	26.890364590997073	-5.976203212921007
47863.00923226385	26.820315488653414	-5.752526336559981
48977.88193684462	26.751958478225852	-6.026387964776347
50118.72336272725	26.86247474425741	-6.039523581530631
51286.138399136486	26.811525023185034	-6.674245079217911
52480.746024977285	26.77155646710402	-6.61821922064599
53703.17963702527	26.81936326920499	-6.67972184615823
54954.08738576248	26.78334941006675	-7.0135470548252545
56234.13251903491	26.770716159787217	-6.952586935119455
57543.993733715666	26.853018286065797	-7.144205696385638
58884.3655355589	26.852914899497424	-7.26685587083098
60255.95860743574	26.8330734749931	-7.512958589719837
61659.50018614822	26.78967349849042	-7.511601075381023
63095.734448019306	26.77750126333069	-7.938380040321546
64565.422903465565	26.810174972593575	-7.965975981950777
66069.34480075957	26.7711984418154	-8.247213554440378
67608.29753919819	26.805661733477436	-8.343181255471762
69183.09709189364	26.77847527735863	-8.552028021185809
70794.5784384138	26.8102751494699	-8.653869560139754
72443.59600749899	26.82226012675125	-8.914209929801316
74131.02413009177	26.800989167040253	-9.187385575717997
75857.75750291836	26.820188483695482	-9.2899698457161
77624.71166286919	26.80533325774787	-9.652354764848042
79432.82347242814	26.797974594666726	-9.938320261897204
81283.05161640994	26.823124700304668	-9.986494679255827
83176.37711026709	26.78781039523436	-10.379489274641713
85113.80382023768	26.835414457720212	-10.406116246358039
87096.35899560805	26.811559590389166	-10.89747027749818
89125.0938133746	26.829843430325	-11.045814332303479
91201.08393559097	26.836190490617216	-11.069126184214475
93325.43007969914	26.845592955662937	-11.485470200072886
95499.25860214359	26.823864690101892	-11.967278220902756
97723.7220955811	26.81726940932353	-11.948241998222699
100000	26.83821844254505	-12.476149344271036
102329.29922807537	26.800332421628013	-12.801126475830813
104712.85480508996	26.821774000486883	-12.907852178504527
107151.9305237606	26.850078087772303	-13.342018157595717
109647.8196143185	26.853609923761947	-13.622000314809327
112201.8454301963	26.85086903083221	-13.769176398784865
114815.3621496883	26.849065049451823	-14.511969848837467
117489.7554939529	26.85414492514596	-14.602708525812723
120226.44346174132	26.842886034242397	-14.985460495429606
123026.87708123811	26.857056292129293	-15.200775058221723
125892.54117941676	26.874090119095246	-15.515413209663109
128824.95516931335	26.84049119067896	-16.077284607954056
131825.67385564072	26.872939247039405	-16.137546514595442
134896.28825916533	26.95261559061517	-16.625282296002453
138038.42646028852	26.877289909166983	-17.087883291521337
141253.7544622754	26.888315906895016	-17.62109856483138
144543.97707459278	26.88244117476856	-18.021289807776967
147910.8388168207	26.92404011272832	-18.217678614628767
151356.12484362087	26.920534843719082	-18.706933343995658
154881.6618912481	26.926861219260548	-19.58479409658864
158489.31924611144	26.94680263281932	-19.883643843067517
162181.00973589296	26.914725727181576	-20.391983536158392
165958.69074375613	26.918832748949132	-20.687905523643025
169824.36524617442	26.941959463032063	-21.501033051435073
173780.08287493762	26.945532498269156	-21.83609074741929
177827.94100389228	26.99909366620564	-22.42866317522244
181970.08586099825	26.982415154148683	-22.857132597378683
186208.71366628676	26.976799937938388	-23.651343151929176
190546.07179632463	27.004910270678483	-24.450062778950496
194984.45997580455	27.001952138725066	-25.270086336072236
199526.2314968879	27.042915476160516	-25.391730520487506
204173.79446695297	27.030649971431238	-25.95967970282133
208929.61308540386	27.1173058552941	-27.1806961815729
213796.20895022326	27.069400176372117	-27.849152090267694
218776.16239495517	27.112948600466208	-28.640012133166977
223872.113856834	27.133053970648	-29.46940677008326
229086.76527677724	27.102351543277283	-30.14799061623529
234422.8815319923	27.11177044377028	-30.73041563801071
239883.29190194898	27.088582474731982	-31.69279594321756
245470.8915685031	27.12050494840531	-33.02577832115668
251188.64315095797	27.108209116336305	-33.814163191635124
257039.57827688646	27.108041655040893	-34.219884503759104
263026.7991895381	27.170976687278532	-35.24731465298447
269153.4803926917	27.133534367874347	-36.1799532229844
275422.8703338166	27.145462226639996	-37.2106464640206
281838.2931264455	27.152033309912298	-38.286054382884956
288403.15031266055	27.10170195151254	-39.37396771720472
295120.9226666387	27.147157144106842	-41.14389770332629
301995.1720402016	27.177808102787083	-42.00563344911862
309029.54325135925	27.11430344729013	-42.938541747242695
316227.76601683797	27.07473381470364	-44.498013592806544
323593.6569296281	27.120999292670945	-45.37878042128434
331131.1214825911	27.082502117757667	-47.03475559245055
338844.15613920236	27.073640807896272	-48.110388330433025
346736.85045253165	27.05629611500571	-49.59969497336424
354813.3892335753	27.07074803460393	-51.16389722661972
363078.0547701014	26.97490633287227	-52.46212047624219
371535.2290971724	26.97229109467733	-53.93667452718799
380189.39632056124	26.911462291980385	-55.60372559028589
389045.1449942805	26.9202088995253	-57.32028739942869
398107.17055349733	26.867596792746134	-59.13601838122542
407380.27780411264	26.810315690738726	-60.56930488682028
416869.3834703355	26.742966767006486	-62.538959919124636
426579.5188015926	26.68029886625376	-64.36237805244564
436515.8322401661	26.639381997787204	-66.08468931676124
446683.592150963	26.558619602405884	-68.20450441161307
457088.1896148752	26.419975075865718	-70.2300542719351
467735.1412871981	26.381820689720175	-71.9963449256785
478630.09232263855	26.244039631215678	-73.84714900904196
489778.81936844613	26.179864264667962	-75.9857642647158
501187.2336272725	25.9844725048208	-78.10420210469147
512861.38399136486	25.887649889447385	-80.05323787024633
524807.4602497729	25.772167752564712	-82.1747412676325
537031.7963702526	25.552274429899747	-84.48797761746093
549540.8738576248	25.42267894063845	-86.98453639458043
562341.325190349	25.279497615703725	-89.38852142825705
575439.9373371566	25.02031419754491	-91.0053846399202
588843.655355589	24.802184055897175	-93.72830792220518
602559.5860743575	24.617194424734127	-95.46203544674363
616595.0018614822	24.424322187901105	-97.90103893259781
630957.344480193	24.163535397962907	-99.852701651909
645654.2290346556	23.88935559667447	-102.17788241617461
660693.4480075957	23.646169624535442	-104.47216836377146
676082.9753919819	23.36647236785692	-106.26242011049938
691830.9709189363	23.107252043381695	-108.32067034067633
707945.7843841381	22.8127350799745	-110.30758017548885
724435.9600749899	22.481206435614833	-112.66738523268548
741310.2413009177	22.20468502900953	-114.59571745055689
758577.5750291835	21.91026961645797	-116.32332603958199
776247.1166286919	21.548949394857747	-118.11518158302704
794328.2347242814	21.221996055641966	-119.96866589269808
812830.5161640996	20.911061540267664	-121.68048269651987
831763.7711026708	20.55107005926626	-123.4354142225543
851138.0382023768	20.207700525901426	-125.31141661077211
870963.5899560805	19.857142961913688	-126.76665086429486
891250.9381337459	19.511599952271443	-128.39640873473195
912010.8393559096	19.150477368871606	-130.057919745125
933254.3007969914	18.772106312769733	-131.55399780462085
954992.5860214359	18.406020806382998	-133.0279097521426
977237.2209558111	18.035740360384317	-134.424717698562
1e+06	17.653994187413378	-135.79968349271707
