Frequency (Hz)	Channel 2 Magnitude (dB)	Channel 2 Phase (deg)
100	26.838567270033387	-0.01545233541399682
102.32929922807536	26.837832145945214	0.007388153033019762
104.71285480508996	26.840956322168807	-0.049379178124127066
107.15193052376058	26.83614356055308	0.013511967302624939
109.64781961431852	26.834852147020282	-0.07340227717152459
112.2018454301963	26.839098541797348	-0.035977918876028525
114.8153621496883	26.83616723617483	0.008521740115099874
117.48975549395291	26.839751916233542	-0.022282243235650867
120.22644346174131	26.836090293681508	-0.0033927489841829583
123.02687708123811	26.836235401352138	0.022849853146922783
125.89254117941674	26.8404924694372	0.007070506927192355
128.82495516931337	26.84113503622422	-0.053446943810477876
131.82567385564073	26.84170573652329	-0.011826672867696786
134.89628825916535	26.839898233314155	0.00017863985642563307
138.03842646028852	26.836277801530386	-0.038926428234702826
141.2537544622754	26.84339689044763	-0.05267349622671702
144.5439770745928	26.839506703385627	-0.046504431174568595
147.91083881682073	26.83619124744436	-0.04013375030919519
151.35612484362088	26.839144843109636	0.017615402072280517
154.88166189124811	26.84160088051459	-0.01917769484531817
158.48931924611142	26.836976721154787	-0.0486173544194628
162.18100973589299	26.834313974122402	-0.014727860416897443
165.95869074375616	26.839564686913775	-0.024561908207701322
169.82436524617444	26.83270187097986	-0.05035240915910322
173.78008287493762	26.842882510493403	-0.029108869813512683
177.82794100389228	26.842706946490104	0.005226613287966586
181.97008586099827	26.843748451177408	-0.027336215756889715
186.20871366628677	26.837379542975825	-0.029181678903796637
190.5460717963248	26.84100598551773	-0.048193495808448006
194.98445997580455	26.83245933568034	-0.07510952043892871
199.52623149688787	26.843674383171937	-0.07211771322604932
204.17379446695296	26.843222118224453	-0.09966739863786955
208.92961308540387	26.84531040609416	-0.0019270277663565594
213.79620895022325	26.840561483274826	-0.1173898849025079
218.77616239495518	26.835984935815702	-0.04447802815685975
223.872113856834	26.845517717031914	0.009793023861469408
229.08676527677724	26.840709050404207	0.0006495808800508485
234.42288153199226	26.84116214107428	-0.023942951859737605
239.88329190194898	26.843916319104068	-0.09624327161444057
245.47089156850313	26.847639309396225	-0.012845528111483873
251.18864315095794	26.847643386710025	-0.09261811835128242
257.03957827688646	26.839593183860558	-0.0946063626628586
263.02679918953817	26.839619150734585	-0.04556191575861135
269.1534803926917	26.83934124373764	-0.01609275007778166
275.4228703338166	26.833811878290263	-0.07384775845151026
281.8382931264455	26.837917249062496	-0.030703625093782883
288.40315031266056	26.840868961973747	-0.08930170327269593
295.1209226666384	26.84055458355706	-0.048246185974306854
301.99517204020157	26.837441950609758	-0.02250558427745375
309.0295432513592	26.84850753081172	-0.07632954832450878
316.22776601683796	26.839638737966492	-0.04666942273503594
323.5936569296281	26.834031939574523	0.010314985325813097
331.1311214825911	26.837972507751804	-0.07660430387014117
338.8441561392027	26.84093588835601	-0.1086124884710955
346.7368504525317	26.838932056316168	-0.16819392920604948
354.8133892335753	26.83912164637286	-0.07076941527688518
363.0780547701014	26.844601274903006	-0.06947068936793244
371.5352290971724	26.844753344571195	-0.05061602575442237
380.18939632056123	26.8362568811853	-0.017172872479932266
389.0451449942805	26.845811907359476	-0.0781773798672134
398.1071705534973	26.829930891236543	-0.11588190275745802
407.3802778041126	26.833902744249407	-0.10275728392591077
416.8693834703355	26.83924898223653	-0.08382573765453571
426.5795188015926	26.84317408653847	-0.15549215538227656
436.5158322401661	26.83341738382055	-0.09809184709686747
446.683592150963	26.833084447236615	-0.11941392068041523
457.0881896148752	26.832940502055465	-0.08559802488698054
467.73514128719813	26.832174140484163	-0.12385585692153711
478.6300923226385	26.832897397233854	-0.07726603801714305
489.7788193684461	26.828073754040034	-0.06471568720144205
501.1872336272725	26.837706719117893	-0.05690973768469121
512.8613839913648	26.839173918991545	-0.08081074842272074
524.8074602497722	26.841323565132083	-0.09822516340912557
537.0317963702527	26.84345627766013	-0.10724375722470825
549.5408738576248	26.837630386917148	-0.05913636657571786
562.3413251903492	26.830372568681746	-0.0970688858460278
575.4399373371566	26.83853150297559	-0.13999457593665454
588.8436553555889	26.83387725742461	-0.10852724933657498
602.5595860743581	26.835449741369462	-0.0817455503471578
616.5950018614823	26.84090169611139	-0.09847316404182038
630.957344480193	26.833543703668596	-0.15956140466586533
645.6542290346556	26.846211742054944	-0.06275524525573317
660.6934480075957	26.831343360604272	-0.08410834746698015
676.0829753919819	26.840790022696446	-0.20894580683827257
691.8309709189363	26.83174003009909	-0.11521853638282664
707.945784384138	26.838965168699858	-0.14834646746589897
724.4359600749898	26.8275771763008	-0.13886552124975537
741.3102413009177	26.84769621565856	-0.0899228013780089
758.5775750291835	26.852609548336993	-0.1186169875837777
776.247116628692	26.825748328880202	-0.1627504020987658
794.3282347242813	26.840062842285302	-0.15955019379843804
812.8305161640994	26.83347735347033	-0.11213792210003248
831.7637711026708	26.838829726195364	-0.12754133896248732
851.1380382023768	26.83148146841713	-0.1430116019773635
870.9635899560805	26.835444714411008	-0.11290575871517206
891.2509381337459	26.837970206878	-0.21913311823468007
912.0108393559096	26.83700414123294	-0.11303265009951247
933.2543007969905	26.849313900181365	-0.17886422111581624
954.992586021436	26.828217039463937	-0.18302356841115852
977.2372209558112	26.834548510809224	-0.18862114642502092
1000	26.836138535909342	-0.1958784989360538
1023.2929922807535	26.836063993846345	-0.20571983228160207
1047.1285480508996	26.835462846217382	-0.18361044982000863
1071.519305237607	26.838672424746555	-0.12429512341877569
1096.4781961431852	26.82287795846504	-0.23301424875275956
1122.018454301963	26.825873627126523	-0.26034986619298195
1148.1536214968828	26.82690646634146	-0.12427854350238476
1174.8975549395304	26.8363850733242	-0.20295863255404356
1202.264434617413	26.837400657230383	-0.17797343061339177
1230.2687708123813	26.829911798009984	-0.1790449818191746
1258.9254117941675	26.839873768697977	-0.23454783831375892
1288.249551693135	26.839095820763546	-0.25047013751168734
1318.2567385564075	26.835098893002368	-0.23910889760995246
1348.9628825916532	26.83048826532117	-0.1905460195451667
1380.3842646028838	26.83033390620964	-0.23084316870176735
1412.537544622754	26.838272669200173	-0.17807716207201452
1445.439770745928	26.81923872029424	-0.2351168702878823
1479.1083881682073	26.830635650024355	-0.1929664743846473
1513.5612484362073	26.82973318699211	-0.24176005759213126
1548.816618912481	26.83455000605949	-0.2571347760169598
1584.893192461114	26.822169517471114	-0.29692514763652866
1621.8100973589296	26.837026537503547	-0.29121719303989835
1659.5869074375598	26.84177892084628	-0.23279279246074225
1698.2436524617442	26.828416496392435	-0.23666149857795915
1737.8008287493763	26.827583671075082	-0.23450071545808804
1778.2794100389228	26.840666779302538	-0.2603725748689456
1819.7008586099826	26.818209914123734	-0.26602952057825746
1862.0871366628676	26.812991115899194	-0.2857597407790706
1905.4607179632483	26.834173424914272	-0.27746547906559726
1949.8445997580457	26.82573068990465	-0.30875910647691285
1995.2623149688789	26.81456124174682	-0.3610655651005601
2041.7379446695297	26.82526727916121	-0.34273266340784403
2089.2961308540407	26.84391623737993	-0.34665024989588744
2137.9620895022326	26.831966204459565	-0.33313365493108904
2187.761623949552	26.832640717402466	-0.3643523858401494
2238.72113856834	26.83830259558666	-0.36796871549518895
2290.8676527677744	26.821285829294087	-0.30010999821766404
2344.2288153199224	26.82882157605105	-0.32117593713729065
2398.83291901949	26.845105435267662	-0.38482858381087226
2454.7089156850284	26.826530420185843	-0.34607996652152906
2511.8864315095793	26.831411185151886	-0.3078267058940991
2570.3957827688646	26.815586217812132	-0.35403820433008093
2630.2679918953813	26.837128413214117	-0.4272075407037903
2691.534803926914	26.844980505339045	-0.52253219415147
2754.228703338166	26.834829798839163	-0.4565701952721639
2818.382931264455	26.817575637775526	-0.5087672348660135
2884.0315031266055	26.828661669561274	-0.3920848570240487
2951.2092266663844	26.827650002565445	-0.4449899193700446
3019.9517204020162	26.839400119426454	-0.48485755600415104
3090.295432513592	26.839110588647678	-0.4589459431300895
3162.2776601683795	26.819860981821797	-0.471413950162173
3235.936569296281	26.815772260448067	-0.4793788296905461
3311.311214825911	26.824371485944212	-0.5636804472755159
3388.4415613920273	26.83073802624709	-0.5051281788144593
3467.368504525317	26.842275164695316	-0.5112724127068304
3548.1338923357534	26.82678423169292	-0.5295562718698932
3630.780547701014	26.816608577326537	-0.5104955908833375
3715.352290971728	26.836863159427047	-0.5976110800028209
3801.8939632056126	26.816861061915876	-0.5129249050575595
3890.451449942805	26.815507809247485	-0.5372893308080222
3981.0717055349733	26.82410045640026	-0.6105286356639112
4073.8027780411303	26.828770572760217	-0.5335405663896893
4168.693834703356	26.84188608253276	-0.6611528340015198
4265.795188015926	26.816292641390227	-0.6435571467092984
4365.158322401657	26.841805743702928	-0.6582469111732223
4466.835921509631	26.817143617844344	-0.6852726883570028
4570.881896148752	26.82031246842009	-0.7525143397716363
4677.351412871981	26.822335926149734	-0.6999283289874167
4786.30092322638	26.815736107621948	-0.7149519491168093
4897.788193684461	26.819412134468443	-0.6525668238667848
5011.872336272725	26.82035718526781	-0.70059424439998
5128.613839913648	26.825072065586664	-0.726701498528513
5248.0746024977225	26.826761478807683	-0.6874095891251812
5370.317963702527	26.818742151190982	-0.7453202922386879
5495.408738576248	26.81805378872101	-0.8067204765388354
5623.413251903491	26.826997376785982	-0.8164364739608914
5754.399373371567	26.83258664665179	-0.8430217600208323
5888.43655355589	26.812182230710665	-0.8684645068023453
6025.5958607435805	26.820145034946606	-0.7407463139710728
6165.9500186148225	26.81186191578596	-0.8706214967974546
6309.57344480193	26.817558435328685	-0.8383665146513728
6456.542290346556	26.8198196390141	-1.0053340936513848
6606.9344800759645	26.8223888884712	-0.8676437063283515
6760.829753919818	26.818208909765808	-0.9213132373128765
6918.309709189362	26.82411968139471	-0.987553369029456
7079.45784384138	26.80635466243384	-0.9237843142455091
7244.359600749906	26.799270362608834	-1.132608167060738
7413.102413009176	26.836972813987714	-0.9520767062873432
7585.775750291836	26.812774181804823	-0.9818160012275428
7762.471166286911	26.80621527490192	-1.053153579905711
7943.282347242814	26.800551397254928	-1.2166328773681059
8128.305161640995	26.81977814293773	-1.106326328677934
8317.63771102671	26.8179284559427	-1.1189813634390475
8511.380382023759	26.80914433702697	-1.126841502187915
8709.635899560804	26.80626008001466	-1.1437536020082533
8912.509381337459	26.80710089142675	-1.3495595329154524
9120.108393559096	26.818306795286077	-1.140249782516861
9332.543007969905	26.812735741355603	-1.1206569763247956
9549.925860214358	26.82017633168837	-1.3110399833967676
9772.372209558112	26.82232230619082	-1.299837358705858
10000	26.800995138396758	-1.3326503787698343
10232.929922807536	26.811102385305187	-1.3831636572758441
10471.285480508996	26.778305764205705	-1.3637674007179328
10715.19305237606	26.816939853018482	-1.301560427640517
10964.78196143185	26.82855341634259	-1.375669695978246
11220.18454301963	26.795381804111535	-1.5879358351845099
11481.53621496883	26.805017247188182	-1.7037687212506682
11748.97554939529	26.81270028145866	-1.6030146031731078
12022.644346174131	26.799742269299408	-1.5767655242468663
12302.68770812381	26.81852203167822	-1.8073651613997157
12589.254117941675	26.7946741507457	-1.4745255595540954
12882.495516931336	26.822455548565536	-1.8213899388216248
13182.567385564074	26.80680879924438	-1.5693123389426233
13489.628825916534	26.801305135880074	-1.8744514120454312
13803.842646028852	26.811490506508857	-1.8597161968219922
14125.37544622754	26.80413491162588	-1.8431249085334152
14454.397707459279	26.797333010616118	-1.818555699073137
14791.08388168207	26.816441107962405	-1.7793496175583101
15135.612484362087	26.797743674281605	-1.9537488675895673
15488.166189124811	26.80418795533894	-2.012888809929585
15848.93192461114	26.796142022511415	-1.9827973797195
16218.100973589299	26.791908447497033	-1.9640535520162814
16595.869074375612	26.817646333466406	-2.234720902696658
16982.436524617442	26.804823567831065	-1.939529826731473
17378.00828749376	26.79535043560778	-2.2859289401435774
17782.79410038923	26.809529187982303	-2.1964509746520946
18197.008586099826	26.802523686712444	-2.43252847761012
18620.871366628675	26.81360054985188	-2.3662655082311232
19054.60717963246	26.804436273941782	-2.457786477582644
19498.445997580457	26.80218993809667	-2.641229915060279
19952.62314968879	26.812932540305184	-2.5714513407208575
20417.379446695293	26.784922631763163	-2.633657511735265
20892.961308540387	26.78360541198718	-2.5364464864204534
21379.620895022326	26.801658826179953	-2.8874302169083776
21877.61623949552	26.81034104328155	-2.675395792952642
22387.2113856834	26.81671208669386	-2.824230037667263
22908.676527677722	26.773689113982453	-2.7476358977864948
23442.288153199228	26.81038246748122	-2.7590492051786253
23988.329190194898	26.806726978842637	-3.006731417557422
24547.08915685031	26.78496462253946	-3.197495983104041
25118.864315095794	26.76355001340567	-3.1790211457725377
25703.957827688646	26.807702042398024	-3.3591505019107046
26302.679918953814	26.806702054942768	-3.252379486381855
26915.348039269167	26.78871264671965	-3.3685917840010298
27542.28703338166	26.77642642091087	-3.582439619557789
28183.82931264455	26.77545293697472	-3.458639879036454
28840.31503126606	26.784744354905836	-3.6232782817619693
29512.092266663873	26.755442905867802	-3.608709693992271
30199.51720402016	26.77690189082631	-3.6741589964661046
30902.95432513592	26.76159937337229	-3.8800474742383813
31622.776601683792	26.7723706216987	-3.8011582575789475
32359.365692962812	26.809597279484368	-4.195219095688486
33113.11214825911	26.770048594847463	-4.055827150971922
33884.41561392024	26.80074310042948	-4.39724843959727
34673.685045253165	26.79220210188504	-4.424390413610567
35481.33892335753	26.77846633431063	-4.194378334848928
36307.80547701014	26.791996542205723	-4.244551478151664
37153.52290971724	26.834772158696264	-4.482583803043724
38018.93963205612	26.80381427624614	-4.7278289798412985
38904.51449942805	26.820868066170746	-4.806825045404821
39810.717055349734	26.774661247735562	-5.03637409455456
40738.02778041126	26.82121836070806	-5.171009508452428
41686.938347033545	26.822903402424096	-5.031787012991629
42657.95188015926	26.82946496762648	-5.283885694105734
43651.58322401661	26.79868004471576	-5.3658395368356295
44668.3592150963	26.794202364449493	-5.657042298556362
45708.81896148752	26.81139383687651	-5.727200385612235
46773.51412871981	26.827582328007185	-6.016817599844003
47863.00923226385	26.777351822237705	-6.267847479273549
48977.88193684462	26.78534852763235	-5.704774868613038
50118.72336272725	26.759944135135907	-6.120309806319142
51286.138399136486	26.820129898811842	-6.242423481050167
52480.746024977285	26.7707672382492	-6.5322900385964004
53703.17963702527	26.804525372370207	-6.648372757476096
54954.08738576248	26.7897123472048	-6.973044396955086
56234.13251903491	26.819572116365023	-6.97589144553794
57543.993733715666	26.791148972268267	-7.099491185584938
58884.3655355589	26.77778830954681	-7.26301164670495
60255.95860743574	26.76850724042227	-7.50295065744961
61659.50018614822	26.773738600589798	-7.525815979137974
63095.734448019306	26.81240199968439	-7.568687814745175
64565.422903465565	26.76428661850025	-8.214891011959196
66069.34480075957	26.74177915035232	-7.674377094649344
67608.29753919819	26.785346442499645	-8.347653804461459
69183.09709189364	26.75748908933896	-8.407659765472832
70794.5784384138	26.79837663940107	-8.499598066785225
72443.59600749899	26.765162330390538	-9.052605505453954
74131.02413009177	26.770040318663696	-9.202701585993736
75857.75750291836	26.79443122473988	-9.067332638798973
77624.71166286919	26.719984054443415	-9.488672863358573
79432.82347242814	26.794190237516364	-9.673736002553028
81283.05161640994	26.75265900571127	-9.940421658255175
83176.37711026709	26.764890909535985	-9.92500135857594
85113.80382023768	26.802045830299694	-10.301056357991513
87096.35899560805	26.820591224988192	-10.667003858282044
89125.0938133746	26.816129238505127	-10.695636999551112
91201.08393559097	26.75827910682584	-11.127066066150093
93325.43007969914	26.817798578644243	-11.294498611449399
95499.25860214359	26.7982914902546	-11.716552363430424
97723.7220955811	26.810606398682538	-11.473667755727718
100000	26.78023187798152	-12.090568869559792
102329.29922807537	26.79627074079275	-12.370486545109955
104712.85480508996	26.810566919178726	-12.34672362423143
107151.9305237606	26.80517894494605	-13.072401671680698
109647.8196143185	26.805695835981886	-13.18470315260609
112201.8454301963	26.821241050836978	-13.470254733526048
114815.3621496883	26.82744487203603	-14.028863243100822
117489.7554939529	26.82923034390278	-14.477745678090564
120226.44346174132	26.822612045394592	-14.716264951080731
123026.87708123811	26.824384914012306	-15.091665646901617
125892.54117941676	26.823779770847732	-15.596535398029708
128824.95516931335	26.82640131097169	-15.737412603213926
131825.67385564072	26.88374862107464	-16.036164805944125
134896.28825916533	26.82445097843274	-16.58167680336453
138038.42646028852	26.838820035515756	-17.074181581571096
141253.7544622754	26.847160400679776	-17.300153605625724
144543.97707459278	26.87560059851593	-17.973208166122944
147910.8388168207	26.873288060694787	-18.12698679811507
151356.12484362087	26.86767415010926	-18.44146315936132
154881.6618912481	26.911063442335337	-19.04928619053959
158489.31924611144	26.897565683116838	-19.546801480041438
162181.00973589296	26.877676083480715	-19.966728138151716
165958.69074375613	26.92583626668663	-20.631358668357098
169824.36524617442	26.931668522974014	-21.526079183422468
173780.08287493762	26.92273978377086	-21.68936939261809
177827.94100389228	26.892728605561565	-22.136326827717667
181970.08586099825	26.96514360795748	-22.637710118101303
186208.71366628676	26.958894359312712	-23.655521386554724
190546.07179632463	26.992830866434296	-23.777138820779328
194984.45997580455	26.994333055263354	-24.840998220960792
199526.2314968879	27.024442991522776	-25.26330622044611
204173.79446695297	27.047155878726397	-25.867681148315377
208929.61308540386	27.00305503678014	-26.21332017368846
213796.20895022326	27.094046695351672	-27.273806092266497
218776.16239495517	26.98622872172605	-28.22571981258534
223872.113856834	27.047527543433596	-29.119767239512385
229086.76527677724	27.100140582113713	-29.558224662372258
234422.8815319923	27.131930252506024	-30.704380663790342
239883.29190194898	27.07313239794051	-31.2356413044799
245470.8915685031	27.11845136204683	-31.92363077432384
251188.64315095797	27.058894504298358	-33.24906521612951
257039.57827688646	27.086077740568424	-33.40063465219558
263026.7991895381	27.092741297389836	-34.45494774864591
269153.4803926917	27.07491714120479	-36.04653926766707
275422.8703338166	27.101299533238745	-37.38928250970247
281838.2931264455	27.07786659940308	-37.73487730777981
288403.15031266055	27.11519658040131	-39.115348540631686
295120.9226666387	27.09023179802891	-40.099234786820965
301995.1720402016	27.1356777277679	-41.215826338340435
309029.54325135925	27.07848751916257	-42.30763343912838
316227.76601683797	27.078065323277865	-43.761406028953594
323593.6569296281	27.070175050507757	-45.29476379329239
331131.1214825911	27.04919387740314	-46.35044995108046
338844.15613920236	27.08366511099147	-47.605543886285545
346736.85045253165	27.04318975103797	-48.97287293924052
354813.3892335753	27.029093566735803	-50.57882209517766
363078.0547701014	26.9970167475641	-51.65244593351231
371535.2290971724	26.94523050240441	-53.48863641055442
380189.39632056124	26.9171267241505	-55.1440367636157
389045.1449942805	26.912400314201346	-56.659219547257905
398107.17055349733	26.846825901936953	-58.01063047211052
407380.27780411264	26.79208103267254	-59.89892865759427
416869.3834703355	26.761695324979478	-61.676985724944615
426579.5188015926	26.690223951744585	-63.267474292491656
436515.8322401661	26.627512114494706	-65.32825586135118
446683.592150963	26.52732791643585	-67.14903096316458
457088.1896148752	26.47829983966302	-68.90160117245546
467735.1412871981	26.37616551133068	-70.79629009964484
478630.09232263855	26.31850582549533	-73.17696659955237
489778.81936844613	26.146371002878812	-74.58969553405917
501187.2336272725	26.030610315154288	-76.70296911656354
512861.38399136486	25.856241472053185	-79.15557132213507
524807.4602497729	25.768828965159692	-81.18942849810918
537031.7963702526	25.628447827678453	-83.6352218616669
549540.8738576248	25.49180163159345	-85.54914718638724
562341.325190349	25.292692860771545	-87.98604354231432
575439.9373371566	25.10619668024181	-90.11969735418499
588843.655355589	24.936444215639302	-92.0210016735738
602559.5860743575	24.686770451081482	-94.43536194606621
616595.0018614822	24.49715167271181	-96.59803488631378
630957.344480193	24.2406996891927	-98.81470300909245
645654.2290346556	23.984999112941882	-100.97990663117534
660693.4480075957	23.728105822190408	-102.95191377865271
676082.9753919819	23.497260002704188	-105.24315950897758
691830.9709189363	23.213506689767808	-107.2874460916475
707945.7843841381	22.910972265522936	-109.12093674516044
724435.9600749899	22.627496336622706	-111.21723033017838
741310.2413009177	22.314193399687557	-113.22465831171979
758577.5750291835	21.999897809398796	-115.18180553858603
776247.1166286919	21.699189571235095	-117.00832654410596
794328.2347242814	21.376088457793088	-118.81420176994448
812830.5161640996	21.030183147990684	-120.72830803227967
831763.7711026708	20.694126333155264	-122.33765461760372
851138.0382023768	20.344088237972436	-124.1428982658854
870963.5899560805	19.99766481983691	-125.74471701559122
891250.9381337459	19.660145252254125	-127.34227864951455
912010.8393559096	19.294435089299466	-128.94476149319482
933254.3007969914	18.921361441792595	-130.52921620336215
954992.5860214359	18.541841471203746	-132.04926273381503
977237.2209558111	18.212175747925443	-133.55306898760267
1e+06	17.83846263938028	-134.90248777693364
