Frequency (Hz)	Channel 2 Magnitude (dB)	Channel 2 Phase (deg)
100	26.877616543773136	-0.009162859613383034
102.32929922807536	26.86708646217533	-0.04110160947270458
104.71285480508996	26.879905813939008	-0.03252559627765095
107.15193052376058	26.876211260705347	-0.06112214512651093
109.64781961431852	26.884416190431722	-0.04497372123141474
112.2018454301963	26.876020237612327	-0.014165923894097432
114.8153621496883	26.87456895589254	0.004591743616288113
117.48975549395291	26.861258752244748	-0.004519158639610055
120.22644346174131	26.87063330721444	-0.059430283728630684
123.02687708123811	26.878440781786868	0.002691755219558445
125.89254117941674	26.86798131227395	-0.052352806261012574
128.82495516931337	26.87694496430406	-0.013051353853910541
131.82567385564073	26.868159811966798	-0.016091245254479247
134.89628825916535	26.874691813574806	-0.0820001901630576
138.03842646028852	26.872268180594702	-0.08819152768498384
141.2537544622754	26.8837758211843	-0.031912458040025626
144.5439770745928	26.873812142491126	-0.06795381578697857
147.91083881682073	26.87531599845488	0.018252852521257523
151.35612484362088	26.868804284898864	-0.007862827000394645
154.88166189124811	26.88426542802616	-0.02186360703917245
158.48931924611142	26.872395040774894	-0.08005219480529036
162.18100973589299	26.877894709845155	0.025580692500284385
165.95869074375616	26.874121802356548	-0.021533642910384287
169.82436524617444	26.86851265009425	0.014689571791357992
173.78008287493762	26.87197523440371	-0.06325666075067815
177.82794100389228	26.874265911933346	0.003398143175601831
181.97008586099827	26.868988658796532	-0.029372523264488137
186.20871366628677	26.880211881163806	-0.012173698931313481
190.5460717963248	26.87249614953675	-0.00959485184992559
194.98445997580455	26.874273164448855	-0.050645564721008896
199.52623149688787	26.869779771676363	-0.027816737672097247
204.17379446695296	26.880230847374705	-0.017112556165705506
208.92961308540387	26.872946312702908	-0.03812164836752174
213.79620895022325	26.88021963401693	0.009200058073616901
218.77616239495518	26.870446150411844	-0.05113207153962662
223.872113856834	26.875749575444985	-0.06423883562462152
229.08676527677724	26.865775546466683	-0.07225883633709884
234.42288153199226	26.864455209057503	-0.06948013882126958
239.88329190194898	26.887638934284443	-0.058722464006685016
245.47089156850313	26.8814004273891	0.004728439407021057
251.18864315095794	26.86976593479111	-0.05997542482830909
257.03957827688646	26.870885189071473	-0.06751858929403909
263.02679918953817	26.872012370124732	-0.041911621332729965
269.1534803926917	26.87542566816394	-0.07677174184792201
275.4228703338166	26.86289536135717	-0.1513256741270652
281.8382931264455	26.87722076354378	0.02154799796072382
288.40315031266056	26.873894869864593	-0.049894909914115715
295.1209226666384	26.872188909508633	-0.047997626323498466
301.99517204020157	26.876540546701154	-0.05759719931685936
309.0295432513592	26.874736087491126	-0.0003223223765758121
316.22776601683796	26.873711334789814	-0.08167543973810609
323.5936569296281	26.881753486961472	-0.08967661321926812
331.1311214825911	26.870338644269218	-0.04691677790137305
338.8441561392027	26.86688670336149	-0.03439287189979723
346.7368504525317	26.86910176069667	-0.08829087440420835
354.8133892335753	26.871460320866476	-0.100057372226253
363.0780547701014	26.867061969982366	-0.08336192730200764
371.5352290971724	26.881114075618065	-0.038086087348546016
380.18939632056123	26.871752568359323	-0.026672792294831993
389.0451449942805	26.87269444475487	-0.010774159271477401
398.1071705534973	26.872622367220682	-0.0855165813111114
407.3802778041126	26.872796317582917	-0.0712048891593895
416.8693834703355	26.87056674391597	-0.013189573167537105
426.5795188015926	26.86831311316365	-0.056938434320528586
436.5158322401661	26.864500049463	-0.07110488415176519
446.683592150963	26.8661904024858	-0.09365059705854151
457.0881896148752	26.86713372241165	-0.10225156517552136
467.73514128719813	26.88619949840545	-0.12537614933692964
478.6300923226385	26.877798593898778	-0.052408848006797015
489.7788193684461	26.884548417584817	-0.1711292878029116
501.1872336272725	26.883898008892977	-0.11841051624958254
512.8613839913648	26.870022612195584	-0.07750740410442347
524.8074602497722	26.870675149479737	-0.044999034350205136
537.0317963702527	26.874643643564205	-0.09897073839218251
549.5408738576248	26.8766351580345	-0.12179128633955738
562.3413251903492	26.866965804455887	-0.11020108195332412
575.4399373371566	26.861990126816174	-0.1403650690280962
588.8436553555889	26.86836495982797	-0.1986107310968066
602.5595860743581	26.87198963000781	-0.15660610456961876
616.5950018614823	26.872499421979864	-0.13215946147582258
630.957344480193	26.86933315586757	-0.12879673948068415
645.6542290346556	26.869492687303534	-0.15079023757962773
660.6934480075957	26.86523602188632	-0.11920007084624196
676.0829753919819	26.868410707026168	-0.12885585310860392
691.8309709189363	26.8593742040887	-0.14143928091694846
707.945784384138	26.878639468526757	-0.14554660296607835
724.4359600749898	26.879792036333008	-0.12369373972907738
741.3102413009177	26.87797509439697	-0.11187241161172778
758.5775750291835	26.87412714657875	-0.11147869165040447
776.247116628692	26.871650979672626	-0.16341949158070435
794.3282347242813	26.87322172545545	-0.11037563200786238
812.8305161640994	26.886436197256494	-0.07717792998926143
831.7637711026708	26.869285194716337	-0.1427216892350529
851.1380382023768	26.83712832272723	-0.15172471308994773
870.9635899560805	26.876955339054355	-0.19133028103603067
891.2509381337459	26.87077467249271	-0.12623342880044675
912.0108393559096	26.863829500390665	-0.06582812291989626
933.2543007969905	26.892346522389012	-0.23251436692197558
954.992586021436	26.872802940503693	-0.23058253422078678
977.2372209558112	26.870979981670292	-0.1878804161936216
1000	26.86310063225808	-0.18206481331010593
1023.2929922807535	26.861752322511897	-0.13768171796618844
1047.1285480508996	26.851093026495413	-0.20705803694187352
1071.519305237607	26.852580023297534	-0.11229606646797663
1096.4781961431852	26.856090661724835	-0.2506335107320865
1122.018454301963	26.89148752805464	-0.18800660717695905
1148.1536214968828	26.851896513869043	0.03600204745939095
1174.8975549395304	26.850927438019276	-0.28947514031153787
1202.264434617413	26.84954685891448	-0.13236503784230003
1230.2687708123813	26.894271525368964	-0.0669813492321083
1258.9254117941675	26.879321566858827	-0.31821886219535145
1288.249551693135	26.87386382583422	-0.25677217718045586
1318.2567385564075	26.86135927700983	-0.23237642382703427
1348.9628825916532	26.867464154953026	-0.36191727558426123
1380.3842646028838	26.8573476334242	-0.27515835066566297
1412.537544622754	26.872957210759786	-0.24005544049134642
1445.439770745928	26.854412615799536	-0.15993023745627966
1479.1083881682073	26.853380139871646	-0.17013720327966553
1513.5612484362073	26.85926080424412	-0.30227127653103025
1548.816618912481	26.882289728141224	-0.2483569394130285
1584.893192461114	26.86313586589776	-0.26158815523544376
1621.8100973589296	26.860117234626117	-0.2504679774338996
1659.5869074375598	26.851172844625516	-0.34856164891446895
1698.2436524617442	26.8610988695988	-0.25781427380430166
1737.8008287493763	26.8671828307801	-0.3329935640933286
1778.2794100389228	26.871538649121526	-0.1995807153265332
1819.7008586099826	26.86336703889076	-0.3262609007114179
1862.0871366628676	26.873532681715705	-0.38507035858904715
1905.4607179632483	26.86678111421109	-0.30985859076217537
1949.8445997580457	26.863344899129622	-0.311517233127546
1995.2623149688789	26.862256624351424	-0.40168639642091364
2041.7379446695297	26.85278461175254	-0.3283749398277678
2089.2961308540407	26.8619382789487	-0.3200204970732443
2137.9620895022326	26.87209337935199	-0.3143132903234829
2187.761623949552	26.857832002798084	-0.2999036497364216
2238.72113856834	26.857015340742322	-0.35004085412518293
2290.8676527677744	26.861820633526698	-0.33340602606489256
2344.2288153199224	26.84667258823851	-0.32657816768259806
2398.83291901949	26.863455430627287	-0.288725991144668
2454.7089156850284	26.856959365610543	-0.38418217054373827
2511.8864315095793	26.866849626243678	-0.4589395701673027
2570.3957827688646	26.8479678252603	-0.4538726127757826
2630.2679918953813	26.871283318679765	-0.4193615302608791
2691.534803926914	26.873571954618377	-0.36058869381511016
2754.228703338166	26.862508387357792	-0.37590779519493367
2818.382931264455	26.86293353137235	-0.4168466027875297
2884.0315031266055	26.84673340821916	-0.35563336570865545
2951.2092266663844	26.864713710690673	-0.45593793360376367
3019.9517204020162	26.866772329662332	-0.5436060988485281
3090.295432513592	26.859402170311647	-0.43360778226804086
3162.2776601683795	26.86892329114485	-0.41183304727201175
3235.936569296281	26.839903410573452	-0.48129843684591833
3311.311214825911	26.85921975746929	-0.4701392710741743
3388.4415613920273	26.849149528264316	-0.4917292382327645
3467.368504525317	26.852010518287624	-0.5798649882302129
3548.1338923357534	26.85226407763697	-0.4871459791634756
3630.780547701014	26.861893126046024	-0.619108745727246
3715.352290971728	26.87014063278425	-0.46902198738277434
3801.8939632056126	26.853087347378846	-0.5665367125352283
3890.451449942805	26.8427873456317	-0.6254144444512928
3981.0717055349733	26.861645299889773	-0.4811982486043149
4073.8027780411303	26.84897956049134	-0.5996879490406002
4168.693834703356	26.856017070829814	-0.6189603561915931
4265.795188015926	26.86714624177648	-0.5123496624891004
4365.158322401657	26.857997839804433	-0.7171635369626301
4466.835921509631	26.86185692237496	-0.7515891199940654
4570.881896148752	26.856652694560694	-0.5741685032603812
4677.351412871981	26.869210422628917	-0.6208648032768735
4786.30092322638	26.85404813289772	-0.6861417863466244
4897.788193684461	26.86129570232492	-0.7085577412525765
5011.872336272725	26.85139968515289	-0.7447792540892362
5128.613839913648	26.857255951959527	-0.7206609579777137
5248.0746024977225	26.849026371923603	-0.7960252875116396
5370.317963702527	26.848769548193406	-0.761822859789433
5495.408738576248	26.835639552386233	-0.8351451978442554
5623.413251903491	26.853424321811524	-0.8066209124668262
5754.399373371567	26.866415210875346	-0.6790517374615774
5888.43655355589	26.855581433159877	-0.6982706211880867
6025.5958607435805	26.868425669897576	-0.8011557076560507
6165.9500186148225	26.84885667775495	-0.8416953345684988
6309.57344480193	26.837919112680776	-0.8665094668624533
6456.542290346556	26.845676119529283	-0.953605551095535
6606.9344800759645	26.845459566398887	-0.8913288634609984
6760.829753919818	26.843313876102954	-0.9581582484537137
6918.309709189362	26.837985847168447	-1.0245203298765944
7079.45784384138	26.852640915019812	-0.924319826870942
7244.359600749906	26.836875201018433	-1.1614452143908665
7413.102413009176	26.84588158909794	-0.9758516801090877
7585.775750291836	26.843663926116754	-0.9699448393548451
7762.471166286911	26.847907978995952	-1.0394125941900114
7943.282347242814	26.84195606708594	-1.0339390636018493
8128.305161640995	26.836142535114334	-1.100875486956113
8317.63771102671	26.83306005062718	-1.0107999333300057
8511.380382023759	26.847354617416247	-1.1609965592584608
8709.635899560804	26.84125348812604	-1.2470836369042217
8912.509381337459	26.825944759729737	-1.2937930623165528
9120.108393559096	26.856515134005512	-1.1693164763424448
9332.543007969905	26.837857645738286	-1.2669880887616785
9549.925860214358	26.84585697752093	-1.2635729338777804
9772.372209558112	26.838747494268283	-1.3330982397261266
10000	26.823805504097123	-1.3084763476870336
10232.929922807536	26.856885868564824	-1.3016389867241287
10471.285480508996	26.832603140073722	-1.2587452361061295
10715.19305237606	26.81942884278692	-1.420136116943219
10964.78196143185	26.84835691294456	-1.4720462395840457
11220.18454301963	26.806054034909724	-1.5786705112114987
11481.53621496883	26.835736320625312	-1.5066848429662372
11748.97554939529	26.852968326236677	-1.5992748712709002
12022.644346174131	26.85271973292057	-1.438613119059366
12302.68770812381	26.831318138549758	-1.6811638052405584
12589.254117941675	26.83176220311589	-1.5798539031143974
12882.495516931336	26.863523068880887	-1.6279480596081726
13182.567385564074	26.832441239676527	-1.53407307716094
13489.628825916534	26.860787712744116	-1.5902540570570523
13803.842646028852	26.84012598887396	-1.7718768384087298
14125.37544622754	26.843781855369837	-1.6281783634230464
14454.397707459279	26.835829611966766	-1.7504057844544008
14791.08388168207	26.825450832911347	-1.738314714809846
15135.612484362087	26.855726304768318	-1.9329879252817008
15488.166189124811	26.82134903280123	-1.8160733643200189
15848.93192461114	26.837313442552126	-2.111139539067352
16218.100973589299	26.80659157313037	-1.9665924627610707
16595.869074375612	26.827769411239693	-1.8621600872348267
16982.436524617442	26.82955446501451	-2.1328713557065555
17378.00828749376	26.828029835913455	-2.2993916165634403
17782.79410038923	26.842013915428915	-2.3709945003068
18197.008586099826	26.825672519822152	-2.173175871468345
18620.871366628675	26.847157490266483	-2.1716766912951897
19054.60717963246	26.817548005451506	-2.5566949579493325
19498.445997580457	26.847121342508036	-2.5599963661336034
19952.62314968879	26.83572429663576	-2.3834382811006662
20417.379446695293	26.803252900939263	-2.356071416001413
20892.961308540387	26.852529071114873	-2.6000202833419337
21379.620895022326	26.8334516396678	-2.658525214642566
21877.61623949552	26.82713879781554	-2.7068609517799587
22387.2113856834	26.810421783357462	-2.7070187020920287
22908.676527677722	26.83997531698893	-2.86928351802581
23442.288153199228	26.828170486653356	-2.8622375920351715
23988.329190194898	26.812502804598747	-2.879385022085401
24547.08915685031	26.83900686600773	-2.971850033380548
25118.864315095794	26.806216279135203	-3.1876797559077943
25703.957827688646	26.819009472777807	-3.0649986341275337
26302.679918953814	26.811734911791536	-3.2020785407584214
26915.348039269167	26.825456685326998	-3.212677576845593
27542.28703338166	26.841708460958134	-3.4451862084718314
28183.82931264455	26.835709049641277	-3.2664923150225587
28840.31503126606	26.830357300090423	-3.4375771799902424
29512.092266663873	26.81367187475502	-3.62143563157764
30199.51720402016	26.838775728787727	-3.468320731858583
30902.95432513592	26.7992992381675	-3.6879646094286187
31622.776601683792	26.824817888672314	-3.974664558603621
32359.365692962812	26.831997320680227	-3.9610993483518087
33113.11214825911	26.83187910713466	-4.052445442835886
33884.41561392024	26.820294244473608	-4.084937101281511
34673.685045253165	26.812946260428685	-4.1130764363076935
35481.33892335753	26.81794725329267	-4.567019062747306
36307.80547701014	26.81634557827527	-4.348409186284627
37153.52290971724	26.842373020221928	-4.565061664129814
38018.93963205612	26.83266929508082	-4.6839233676354155
38904.51449942805	26.885824273476082	-4.828399365430471
39810.717055349734	26.80839525933451	-4.728036180673598
40738.02778041126	26.84827352390249	-4.987028128799146
41686.938347033545	26.81373292874591	-5.333999880312376
42657.95188015926	26.863456449443532	-5.138002598181185
43651.58322401661	26.820731431200358	-4.907485300590508
44668.3592150963	26.786358286400525	-5.24552440831858
45708.81896148752	26.835991631598723	-6.03254700328462
46773.51412871981	26.843454380773824	-5.919665384989003
47863.00923226385	26.824178033932778	-6.348699693730083
48977.88193684462	26.791948157725706	-6.0910544744149036
50118.72336272725	26.86067658033604	-6.239160487389341
51286.138399136486	26.755143857637037	-6.171531884604519
52480.746024977285	26.798445625488654	-6.592065133688109
53703.17963702527	26.8201105051963	-6.734444317276299
54954.08738576248	26.78006026377869	-6.940099434657213
56234.13251903491	26.777729370637857	-7.270200722727552
57543.993733715666	26.77283358492055	-6.9996877794605865
58884.3655355589	26.788475343853015	-7.413700046486412
60255.95860743574	26.792351764840202	-7.49174077970234
61659.50018614822	26.794040211549653	-7.596163858872487
63095.734448019306	26.81293151682705	-7.632445171799844
64565.422903465565	26.788393168405847	-7.5454814533271986
66069.34480075957	26.7820723674914	-7.996626218714596
67608.29753919819	26.831838699236755	-8.290148187969745
69183.09709189364	26.798394404951203	-8.224135621930131
70794.5784384138	26.789464237217373	-8.72612180133585
72443.59600749899	26.820351847334262	-8.793295678988919
74131.02413009177	26.78248765734815	-8.803079539254043
75857.75750291836	26.801146191577914	-9.113347245717904
77624.71166286919	26.788978761981156	-9.35549094401955
79432.82347242814	26.777581341093097	-9.591870221585424
81283.05161640994	26.822675537896764	-9.534874428951241
83176.37711026709	26.837213937535303	-9.798916408548614
85113.80382023768	26.807669379469953	-10.24120975568529
87096.35899560805	26.848606267084193	-10.392560637703923
89125.0938133746	26.820239519833958	-10.683254076315976
91201.08393559097	26.793786798661085	-10.894590308218305
93325.43007969914	26.826121517736723	-11.176337941104975
95499.25860214359	26.821535195623678	-11.336526745780763
97723.7220955811	26.822044179604614	-11.390627551621975
100000	26.830068129830643	-12.159467797976234
102329.29922807537	26.845940139005467	-12.582126362402638
104712.85480508996	26.816627319054334	-12.56660782739354
107151.9305237606	26.868777612672545	-12.911010831996137
109647.8196143185	26.840197797625272	-13.052271101503742
112201.8454301963	26.86419868349693	-13.169291942166737
114815.3621496883	26.93086279931778	-13.581271470826891
117489.7554939529	26.814864756233444	-14.261761999866138
120226.44346174132	26.93457354753015	-14.357926887244858
123026.87708123811	26.85393153640682	-14.611181552685252
125892.54117941676	26.87537122420851	-15.085544252412035
128824.95516931335	26.864678784617034	-15.464244681919894
131825.67385564072	26.889809217159982	-15.7257178593984
134896.28825916533	26.924751051728304	-16.29253660715159
138038.42646028852	26.922344468144587	-16.78120913662236
141253.7544622754	26.936793856859502	-17.13979110580228
144543.97707459278	26.891884033258386	-17.224566105725444
147910.8388168207	26.89345774996875	-18.10305150090459
151356.12484362087	26.924991575616044	-18.16040694971846
154881.6618912481	26.93961962210743	-18.780374946442386
158489.31924611144	26.916284155992972	-19.418672432069265
162181.00973589296	26.931940042403205	-19.960242088861406
165958.69074375613	26.95046287645784	-20.316706945175127
169824.36524617442	26.985296331405493	-20.940727222080184
173780.08287493762	27.028275012937648	-21.38458702904336
177827.94100389228	27.011528290574063	-21.731701441848642
181970.08586099825	26.998323000461095	-22.427609720028073
186208.71366628676	26.993802879181267	-23.109847324496116
190546.07179632463	27.03639725523275	-23.53718440054874
194984.45997580455	27.023557795490937	-24.16882478656971
199526.2314968879	27.07070392871254	-24.98101371782186
204173.79446695297	27.09240611154444	-25.628481847301586
208929.61308540386	27.139064722255114	-26.263072265964695
213796.20895022326	27.112787612607757	-26.904553825565813
218776.16239495517	27.050886795487813	-27.67523721047172
223872.113856834	27.102644033182493	-28.43443886745151
229086.76527677724	27.096192528014775	-29.071409631283743
234422.8815319923	27.140648465731417	-29.96591409919732
239883.29190194898	27.1112008140101	-31.10477110779516
245470.8915685031	27.1509487697121	-31.958303937231804
251188.64315095797	27.159593042009686	-32.86363616801343
257039.57827688646	27.129241033949505	-33.42635352695288
263026.7991895381	27.13065243596173	-34.148282060533205
269153.4803926917	27.16278791750534	-35.721478659574586
275422.8703338166	27.164778258799704	-36.59405987232562
281838.2931264455	27.149801484038655	-37.578413110191164
288403.15031266055	27.190088382146147	-38.62854299527035
295120.9226666387	27.117622090929622	-39.470562855002235
301995.1720402016	27.12049012406022	-41.12390603881779
309029.54325135925	27.153194358346813	-42.10509713810697
316227.76601683797	27.122113920817906	-43.388792409768456
323593.6569296281	27.10451148664427	-44.66851631719297
331131.1214825911	27.108785434814877	-45.8546352261413
338844.15613920236	27.07478962251422	-47.070245819462784
346736.85045253165	26.990668706668796	-48.383228436055454
354813.3892335753	27.039579546756126	-49.90381073247276
363078.0547701014	26.968338739558256	-51.59670798771816
371535.2290971724	27.015864120723286	-52.913033566869245
380189.39632056124	27.039863877524425	-54.1604420979573
389045.1449942805	26.930682430300546	-56.05553429458155
398107.17055349733	26.84727527086232	-57.735386972917354
407380.27780411264	26.839824858980847	-59.51866397937337
416869.3834703355	26.772778328071524	-60.84942233206531
426579.5188015926	26.702654427379834	-62.66677273953417
436515.8322401661	26.63584074939679	-64.45232519611073
446683.592150963	26.547668312922998	-66.5705122344564
457088.1896148752	26.456966586701437	-68.19129970565315
467735.1412871981	26.36528766791965	-70.11447193651397
478630.09232263855	26.321457208087594	-72.36656350503104
489778.81936844613	26.224203567900467	-74.07247938783914
501187.2336272725	26.04478003239475	-75.65609944928006
512861.38399136486	25.887186351498425	-78.3425429025578
524807.4602497729	25.782595010772447	-80.19101340302292
537031.7963702526	25.621906687997654	-82.32097869725816
549540.8738576248	25.484831440609366	-84.49179921350927
562341.325190349	25.304204851688613	-86.42185380657217
575439.9373371566	25.14031460555556	-89.02145863108788
588843.655355589	24.92651055699887	-91.08048019301232
602559.5860743575	24.69782801529801	-93.28883123507384
616595.0018614822	24.51002661533975	-95.37895087661354
630957.344480193	24.266915402658633	-97.70145118440047
645654.2290346556	24.007038615247843	-99.56055774786051
660693.4480075957	23.764504071732627	-101.64574188036406
676082.9753919819	23.49761845361411	-103.91197768981368
691830.9709189363	23.20525327002545	-105.98710980118358
707945.7843841381	22.94531855030018	-107.88175914090625
724435.9600749899	22.631016575843827	-109.76830301057959
741310.2413009177	22.34821685097373	-111.92536941659455
758577.5750291835	21.994167356249722	-113.77285433419567
776247.1166286919	21.709129987564125	-115.58768744869349
794328.2347242814	21.37824204124556	-117.36249255885076
812830.5161640996	20.99464839951976	-119.25806237437574
831763.7711026708	20.702784158359915	-120.95363648372384
851138.0382023768	20.323809139941083	-122.75869428096456
870963.5899560805	19.995746668755668	-124.20575286436025
891250.9381337459	19.62949324890743	-125.86133914504603
912010.8393559096	19.259250395940438	-127.59709817349176
933254.3007969914	18.89209776465798	-128.95769581187812
954992.5860214359	18.536719165544792	-130.4564942791582
977237.2209558111	18.179157719414356	-131.8322615088529
1e+06	17.76787304054723	-133.10791054261045
