Frequency (Hz)	Channel 2 Magnitude (dB)	Channel 2 Phase (deg)
100	26.891131869108413	-0.04152822476102358
102.32929922807536	26.891540149857125	-0.03603427681861149
104.71285480508996	26.898147007496576	0.011579674372271143
107.15193052376058	26.894513700618596	-0.02557851470069039
109.64781961431852	26.892808454122186	-0.019036417337886746
112.2018454301963	26.894444670890397	-0.027097098869226954
114.8153621496883	26.88594621185328	-0.014663162147613207
117.48975549395291	26.90648262486721	-0.03261292389265691
120.22644346174131	26.893214130202765	-0.053193358467666485
123.02687708123811	26.899056761487003	-0.02114597960491693
125.89254117941674	26.88787542151914	-0.044373708895157904
128.82495516931337	26.89121655867982	-0.020576605924368607
131.82567385564073	26.90123188511908	-0.012481050976730579
134.89628825916535	26.89230888195047	-0.07365841172887855
138.03842646028852	26.892358774803057	-0.030731831868337167
141.2537544622754	26.89816557581128	-0.014055963200831911
144.5439770745928	26.89978856972872	-0.03894423427960447
147.91083881682073	26.90059274982928	-0.06197348873183728
151.35612484362088	26.888338538285783	-0.02020430274703955
154.88166189124811	26.895816231363987	-0.06957095963764459
158.48931924611142	26.89993377006998	-0.0623899453022716
162.18100973589299	26.891565199428268	-0.06768902238859198
165.95869074375616	26.906614474431237	-0.017029420078344515
169.82436524617444	26.896771988750373	-0.00828643379165328
173.78008287493762	26.894047862712064	-0.029254081225801087
177.82794100389228	26.90952407643097	-0.026319534009722645
181.97008586099827	26.896760477355627	-0.028463020488587176
186.20871366628677	26.895512132664756	-0.017778249484081243
190.5460717963248	26.8944166739977	-0.05036907906519161
194.98445997580455	26.892499233382058	-0.06329766388495983
199.52623149688787	26.899621090890275	0.0018686251256383457
204.17379446695296	26.894953493636923	-0.028293272833259664
208.92961308540387	26.898667196248365	-0.05244085186504188
213.79620895022325	26.90016161914343	-0.04806551103774126
218.77616239495518	26.896664437622317	-0.034144859807128114
223.872113856834	26.90374740181564	-0.09997098475167832
229.08676527677724	26.892774589311692	-0.004602154473914766
234.42288153199226	26.897734149595234	-0.09150282719168956
239.88329190194898	26.898219321348297	-0.06582453470898031
245.47089156850313	26.905085664434406	-0.06309185389282135
251.18864315095794	26.89953400170849	0.0014062542415551604
257.03957827688646	26.90289502988746	0.03346818323903733
263.02679918953817	26.893183323704047	-0.014891456258681046
269.1534803926917	26.892735146970168	-0.048541160918631476
275.4228703338166	26.89046503286605	-0.0584087217409035
281.8382931264455	26.89807979572116	-0.06736793891845139
288.40315031266056	26.905591904376116	-0.035915563385074734
295.1209226666384	26.896928778152457	-0.04014214577316011
301.99517204020157	26.89541248523568	-0.06394224811485572
309.0295432513592	26.904061765976408	-0.010372634253517532
316.22776601683796	26.9010555689863	-0.02320183462654768
323.5936569296281	26.895893668215006	-0.07380522466209527
331.1311214825911	26.898109130799305	-0.05727487522906216
338.8441561392027	26.887907084394854	-0.03393828936833643
346.7368504525317	26.899453149412555	-0.06447705979643104
354.8133892335753	26.884603346996986	-0.06546758123535312
363.0780547701014	26.898912616312266	-0.04156324658688959
371.5352290971724	26.89372509262388	-0.03266538490977666
380.18939632056123	26.8942414721854	-0.01541020630307699
389.0451449942805	26.897301029618323	-0.030162123556308984
398.1071705534973	26.89487838584879	-0.11218808241329725
407.3802778041126	26.89346370091483	-0.05949309538524972
416.8693834703355	26.908623077913788	-0.09828258374054855
426.5795188015926	26.88700900462012	-0.050821176571744786
436.5158322401661	26.895308170797882	-0.09852218186257744
446.683592150963	26.898582177471223	-0.08073900280335522
457.0881896148752	26.897139996430734	0.00881316254275788
467.73514128719813	26.89257215135047	-0.1301091429250505
478.6300923226385	26.879268171703977	-0.0731419193081706
489.7788193684461	26.888960308914363	-0.10133499263193357
501.1872336272725	26.90179946008318	-0.04864815238197906
512.8613839913648	26.889525828143302	-0.008888379107020228
524.8074602497722	26.889171093153056	-0.15040363648259358
537.0317963702527	26.888546254851136	-0.07746122904765684
549.5408738576248	26.891595786340137	-0.11004777748196659
562.3413251903492	26.904417610027807	-0.11430437837113061
575.4399373371566	26.89299819953714	-0.0550352320816998
588.8436553555889	26.894256863999992	-0.09105158389833434
602.5595860743581	26.8931695434919	-0.07239862050284529
616.5950018614823	26.90224691830162	-0.1022575423776999
630.957344480193	26.89021601433817	-0.11011090980287008
645.6542290346556	26.896844691199952	-0.1478613371900508
660.6934480075957	26.904850581767505	-0.08748723542271364
676.0829753919819	26.88665446601055	-0.06545668022504003
691.8309709189363	26.896293229740987	-0.18316571017253125
707.945784384138	26.896678428467755	-0.15576826725465764
724.4359600749898	26.894909771394442	-0.11136176817210242
741.3102413009177	26.886417300227265	-0.11711818458805112
758.5775750291835	26.89664233052943	-0.15387942776925456
776.247116628692	26.89297901110755	-0.11097683878531939
794.3282347242813	26.89296677042669	-0.13780578647954655
812.8305161640994	26.902196258614033	-0.19511186671884673
831.7637711026708	26.88466555353585	-0.0938518370617274
851.1380382023768	26.88609235077069	-0.08197101914739591
870.9635899560805	26.89655578927541	-0.11825834426990411
891.2509381337459	26.888798135818107	-0.12358139409984403
912.0108393559096	26.903184233946263	-0.17545789446080562
933.2543007969905	26.89515111652932	-0.15244737254057839
954.992586021436	26.89390578938641	-0.11067627277488157
977.2372209558112	26.884839536048027	-0.12435830937349124
1000	26.898544389832363	-0.1926835309229773
1023.2929922807535	26.886802847069205	-0.2830161312814852
1047.1285480508996	26.899778591078345	-0.20295989294226047
1071.519305237607	26.90033803064777	-0.09454783754703744
1096.4781961431852	26.87989220872538	-0.1560192203201609
1122.018454301963	26.877201794472025	-0.1349984088344911
1148.1536214968828	26.90033819406235	-0.1773968453030932
1174.8975549395304	26.890616217252834	-0.1478448479590163
1202.264434617413	26.896694308400264	-0.15098123461045532
1230.2687708123813	26.895027930684307	-0.2740207906848724
1258.9254117941675	26.90213501250853	-0.1694681633656785
1288.249551693135	26.887631247527253	-0.2293655017206504
1318.2567385564075	26.884812787681813	-0.14941206840670418
1348.9628825916532	26.90394336396865	-0.2610622203303308
1380.3842646028838	26.877299167482732	-0.18171155302179898
1412.537544622754	26.88442005206243	-0.20204233024958285
1445.439770745928	26.89791173299397	-0.2139179920939327
1479.1083881682073	26.88552217497639	-0.20004048441610678
1513.5612484362073	26.880167828653548	-0.2235854983715555
1548.816618912481	26.883298593339568	-0.26265196500790466
1584.893192461114	26.89348268639764	-0.2211187591793191
1621.8100973589296	26.907252486148316	-0.3408144232633248
1659.5869074375598	26.891772434902535	-0.3457056019640845
1698.2436524617442	26.872196001874556	-0.28042732561644357
1737.8008287493763	26.886103914591363	-0.21818628580120958
1778.2794100389228	26.890884371078197	-0.2553152579451634
1819.7008586099826	26.89463633205182	-0.2953865465407972
1862.0871366628676	26.904252739639066	-0.29461583599692176
1905.4607179632483	26.882134978328075	-0.3387745174752581
1949.8445997580457	26.900721509658	-0.2922707542498131
1995.2623149688789	26.8803163309314	-0.3145993415047599
2041.7379446695297	26.89365298774035	-0.33933675496282945
2089.2961308540407	26.90517087648106	-0.34118211991727065
2137.9620895022326	26.89755091780771	-0.32814344646431337
2187.761623949552	26.888548737028728	-0.29966796982549226
2238.72113856834	26.87909011739446	-0.32330574078187624
2290.8676527677744	26.876134172333288	-0.22545769296812068
2344.2288153199224	26.88905024703749	-0.34228187334781524
2398.83291901949	26.893899036813224	-0.3441026775401639
2454.7089156850284	26.877293244428408	-0.3078728737845431
2511.8864315095793	26.881859637326	-0.2902238959623844
2570.3957827688646	26.89026359332722	-0.3389024691348368
2630.2679918953813	26.892267958994168	-0.3569513043629513
2691.534803926914	26.87823096069043	-0.4072717439848077
2754.228703338166	26.890899350577513	-0.4439307938323225
2818.382931264455	26.92053007850258	-0.4795103001033656
2884.0315031266055	26.891343830156046	-0.37809999582071896
2951.2092266663844	26.898979805497717	-0.4077416428914944
3019.9517204020162	26.893405537062417	-0.470383682301474
3090.295432513592	26.8761987046515	-0.5380160570509744
3162.2776601683795	26.89316097306459	-0.5942534658364735
3235.936569296281	26.876694868508523	-0.4825595144402257
3311.311214825911	26.889158631024376	-0.5100072042112629
3388.4415613920273	26.87422122925351	-0.4895152947476902
3467.368504525317	26.88093094491984	-0.4891846466785452
3548.1338923357534	26.87721017394123	-0.49986937563970457
3630.780547701014	26.880049595372025	-0.4957076891513168
3715.352290971728	26.89089461699217	-0.5163838763249444
3801.8939632056126	26.881344435328103	-0.5395001887796269
3890.451449942805	26.890448118641817	-0.5850540534751048
3981.0717055349733	26.889252574657316	-0.5927998539488044
4073.8027780411303	26.87118558822236	-0.5686623121771106
4168.693834703356	26.895664001686967	-0.6063160042181579
4265.795188015926	26.873536687747798	-0.5368287716888176
4365.158322401657	26.876610510008618	-0.5842250323209086
4466.835921509631	26.87385448843409	-0.5649239560467691
4570.881896148752	26.88515697714585	-0.6609864204452407
4677.351412871981	26.885853875811062	-0.6480931104790422
4786.30092322638	26.875093754267105	-0.7062558968273009
4897.788193684461	26.859581412001443	-0.6990938264839031
5011.872336272725	26.885786187963838	-0.7275503402249424
5128.613839913648	26.889393129424455	-0.7581729524150091
5248.0746024977225	26.876362409055396	-0.8313310759958341
5370.317963702527	26.891635887545867	-0.7729233560325852
5495.408738576248	26.864006300886132	-0.8518878638112994
5623.413251903491	26.88561974396165	-0.7928476616569071
5754.399373371567	26.866599085039113	-0.7978777126010357
5888.43655355589	26.8776777210952	-0.9168915199678054
6025.5958607435805	26.889825144086284	-0.9919461696134704
6165.9500186148225	26.874876024951565	-0.8195213779795623
6309.57344480193	26.862962246365257	-0.875669107384013
6456.542290346556	26.881407287390378	-0.8222825926569044
6606.9344800759645	26.875365639942153	-0.9353480783553891
6760.829753919818	26.851317077534237	-0.9289650799161535
6918.309709189362	26.869247345400527	-0.9007516612813617
7079.45784384138	26.8628336441723	-0.9619073429952962
7244.359600749906	26.87697293895709	-1.072012533508257
7413.102413009176	26.8802342717597	-0.9124160080997967
7585.775750291836	26.886786006439806	-0.984390928711818
7762.471166286911	26.861743367573272	-1.1066228898746147
7943.282347242814	26.87500241935213	-1.0975245184504203
8128.305161640995	26.853913809713433	-1.0682494460871794
8317.63771102671	26.864545654973185	-1.1423075805701899
8511.380382023759	26.86187845743703	-1.2018895839065138
8709.635899560804	26.87369975929377	-1.093224615008495
8912.509381337459	26.873085213712447	-1.1803586833058546
9120.108393559096	26.87803647875826	-1.1968759960091404
9332.543007969905	26.867686158272868	-1.2875798601547075
9549.925860214358	26.863890499723144	-1.1503793318362057
9772.372209558112	26.871903480238707	-1.15283622732332
10000	26.87088753502957	-1.3021808269730286
10232.929922807536	26.866375893244356	-1.318793024821403
10471.285480508996	26.8805881609454	-1.434553475039042
10715.19305237606	26.87911604688713	-1.432682015303783
10964.78196143185	26.875053018757697	-1.3969075124226507
11220.18454301963	26.864123836419992	-1.470073245146665
11481.53621496883	26.872003905361797	-1.3995644410108383
11748.97554939529	26.84431043052818	-1.503383972000961
12022.644346174131	26.875267475153038	-1.5011697233181138
12302.68770812381	26.873562830385268	-1.6341310500261557
12589.254117941675	26.86631290038509	-1.5156694200861693
12882.495516931336	26.864192134702467	-1.691527109797363
13182.567385564074	26.854731446844	-1.5674168025212936
13489.628825916534	26.8875556844743	-1.7590480308022336
13803.842646028852	26.859990372322663	-1.83149746246184
14125.37544622754	26.872910962977393	-1.8966307182442392
14454.397707459279	26.85441353759742	-2.023773856585251
14791.08388168207	26.857042726718383	-1.7478815313157838
15135.612484362087	26.850296188633223	-1.841860649991748
15488.166189124811	26.86353680925788	-2.091081970799223
15848.93192461114	26.872197710179265	-1.9946806120776444
16218.100973589299	26.84613095190739	-2.238999558205336
16595.869074375612	26.835072085485013	-2.085371226337447
16982.436524617442	26.85964939214132	-2.209926724466868
17378.00828749376	26.852167692256785	-2.2779005356763093
17782.79410038923	26.852826411355387	-2.1888153224227196
18197.008586099826	26.866108995152498	-2.3577696569414
18620.871366628675	26.87164759536696	-2.2981291154692762
19054.60717963246	26.860688050872543	-2.251875511403341
19498.445997580457	26.85169260933879	-2.5108121032655504
19952.62314968879	26.869273046228596	-2.4650294983588026
20417.379446695293	26.862072939412137	-2.4133000196434793
20892.961308540387	26.871608133586207	-2.7430461344349624
21379.620895022326	26.854154247572815	-2.679190416818116
21877.61623949552	26.863511879972727	-2.852963621890847
22387.2113856834	26.81883535751848	-2.7696760120164328
22908.676527677722	26.860371611533957	-2.8686234078396353
23442.288153199228	26.855157767969416	-2.8914726340481565
23988.329190194898	26.879772768781574	-2.9701264613527485
24547.08915685031	26.86330527574286	-3.0263138415858126
25118.864315095794	26.87478810922222	-3.1308929486522032
25703.957827688646	26.866816042869047	-3.036379980896861
26302.679918953814	26.869194013209704	-3.333433879813523
26915.348039269167	26.884812670838365	-3.2313874800159113
27542.28703338166	26.85880707003507	-3.321358710606404
28183.82931264455	26.852418804293197	-3.5690532803961688
28840.31503126606	26.876394954426924	-3.460533724775388
29512.092266663873	26.858197921198112	-3.3740369348956847
30199.51720402016	26.846744595328083	-3.5252118636062733
30902.95432513592	26.87304006345869	-3.7956018333950112
31622.776601683792	26.872049162985576	-3.8159677264364813
32359.365692962812	26.868808220408397	-3.826655625917617
33113.11214825911	26.841158792143066	-4.091084831292356
33884.41561392024	26.861657612496742	-4.10080068746127
34673.685045253165	26.838782294373395	-4.092728672942798
35481.33892335753	26.844066497282107	-4.283873167178768
36307.80547701014	26.879935236183947	-4.381544031380173
37153.52290971724	26.846790791178936	-4.393090294402327
38018.93963205612	26.893831102807937	-4.6192237480514535
38904.51449942805	26.89243841324881	-4.716536531701422
39810.717055349734	26.847068537305745	-4.72755823142991
40738.02778041126	26.878705244925282	-4.974356617889484
41686.938347033545	26.881775288285073	-5.108607006923574
42657.95188015926	26.857344601982696	-5.155310171123517
43651.58322401661	26.876069885172814	-5.398339392029726
44668.3592150963	26.843820439921252	-5.600449490024772
45708.81896148752	26.896757235495635	-5.815445627145721
46773.51412871981	26.884051537292414	-6.106794492703472
47863.00923226385	26.860849785676244	-6.243621547674692
48977.88193684462	26.87431959944505	-6.4147137927638695
50118.72336272725	26.85599095393423	-5.9165260190091615
51286.138399136486	26.888140041567347	-6.1835335513269705
52480.746024977285	26.806945376986974	-6.854392046982042
53703.17963702527	26.839918719981185	-6.566056690579188
54954.08738576248	26.805550378948254	-6.504870150792712
56234.13251903491	26.84796674252022	-7.191634135266895
57543.993733715666	26.836074038968253	-7.035763269615472
58884.3655355589	26.824473982925696	-7.468813298794515
60255.95860743574	26.827903834938148	-7.614306809552971
61659.50018614822	26.825674877872462	-7.755472379156714
63095.734448019306	26.892992304599417	-7.89939883780346
64565.422903465565	26.854375614928486	-7.799221013299217
66069.34480075957	26.868446048083424	-8.171284068712282
67608.29753919819	26.84757779715129	-8.227338303578385
69183.09709189364	26.84895449538373	-8.521042195851209
70794.5784384138	26.875998291942338	-8.739134486763334
72443.59600749899	26.83906138027663	-8.660686378982206
74131.02413009177	26.84764727266828	-8.874726936694003
75857.75750291836	26.851594407244814	-9.200265096197484
77624.71166286919	26.908141236691904	-9.191052539155638
79432.82347242814	26.881666544920645	-9.75652420590643
81283.05161640994	26.84796611234534	-9.754623472208962
83176.37711026709	26.810063428564952	-10.144895297247011
85113.80382023768	26.869749898325487	-10.302696662037548
87096.35899560805	26.85875040121625	-10.592121685000023
89125.0938133746	26.86651070115191	-11.022154418187469
91201.08393559097	26.909209039822827	-11.320186819759272
93325.43007969914	26.86744678223565	-11.274943961142768
95499.25860214359	26.886189867504022	-11.743782583730649
97723.7220955811	26.79764462221405	-12.090378582529048
100000	26.84130415864809	-12.161446597821922
102329.29922807537	26.820390594122973	-12.58622663411515
104712.85480508996	26.901801886760218	-12.53858434066835
107151.9305237606	26.84813288641751	-13.291766349781113
109647.8196143185	26.875286321489114	-13.655002036698164
112201.8454301963	26.876120924242286	-13.560843525574967
114815.3621496883	26.936282239803013	-14.315463401895755
117489.7554939529	26.83442889997219	-14.035807473684343
120226.44346174132	26.922347766287835	-14.709582909146832
123026.87708123811	26.94464472861506	-15.156357518333891
125892.54117941676	26.9176347645329	-15.70949234693768
128824.95516931335	26.927295288482046	-15.915071851043564
131825.67385564072	26.908118834292484	-16.37578996949391
134896.28825916533	26.971060761996554	-16.91612305001722
138038.42646028852	26.969102544483587	-17.32707555992863
141253.7544622754	26.924716128144006	-17.573189632965395
144543.97707459278	27.003787624526293	-17.6450938970182
147910.8388168207	26.937072589762966	-18.41205700349188
151356.12484362087	26.935444961326716	-18.99584963036168
154881.6618912481	26.983856947878742	-19.274336243264088
158489.31924611144	27.00444162017979	-19.780132293659367
162181.00973589296	27.01861563323221	-20.077501529015272
165958.69074375613	27.005876851752877	-20.895276443897757
169824.36524617442	27.02849454123879	-21.11561186662348
173780.08287493762	27.016733906863124	-21.778136810065256
177827.94100389228	27.032996488792627	-22.26410678475058
181970.08586099825	27.027826486404756	-23.015944483826814
186208.71366628676	27.042744927218912	-23.475414565610563
190546.07179632463	27.039860487962997	-24.044836469905732
194984.45997580455	27.039346766569473	-24.829117382594667
199526.2314968879	27.13250807468514	-25.49651858511072
204173.79446695297	27.14968444067358	-25.66595329903803
208929.61308540386	27.20395995287763	-26.82666162897182
213796.20895022326	27.137840437227343	-27.551501028766907
218776.16239495517	27.19332030189458	-28.40793805640388
223872.113856834	27.10557638651875	-29.041057880988916
229086.76527677724	27.19580372899913	-29.815090559806094
234422.8815319923	27.178692901678634	-30.625826912554203
239883.29190194898	27.237680027111875	-31.680927001169728
245470.8915685031	27.25303326110359	-32.402115364262144
251188.64315095797	27.149562758043047	-33.09196462769056
257039.57827688646	27.28140853763469	-34.35578568826867
263026.7991895381	27.17293502758173	-35.55693085691058
269153.4803926917	27.224261426023503	-36.562679586383496
275422.8703338166	27.24676063137207	-37.429585073883494
281838.2931264455	27.255298721177645	-37.84885989606221
288403.15031266055	27.28946486816479	-39.15342258286125
295120.9226666387	27.105898747199028	-40.46657177752046
301995.1720402016	27.250698417862992	-42.80267903850319
309029.54325135925	27.227597777686185	-43.59023163050094
316227.76601683797	27.235471521273638	-44.402173614420114
323593.6569296281	27.20350794898714	-45.800425269131736
331131.1214825911	27.16836399953809	-47.98017338725315
338844.15613920236	27.261153285003246	-47.88560671264308
346736.85045253165	27.183597644537713	-50.41696050561198
354813.3892335753	27.116327223303678	-51.12847990318426
363078.0547701014	27.148710428677045	-52.96421435794959
371535.2290971724	27.04981769235228	-54.38083126097873
380189.39632056124	27.06808884169432	-56.23643893836633
389045.1449942805	27.002404614688388	-57.98759259668447
398107.17055349733	26.996158735671045	-59.781927487863385
407380.27780411264	26.939428156433394	-61.43264894410225
416869.3834703355	26.832531482441432	-63.145066830210965
426579.5188015926	26.818215498382557	-64.88040089311824
436515.8322401661	26.71328206257662	-67.04584088333348
446683.592150963	26.644652334300105	-68.97702540348489
457088.1896148752	26.568221828338338	-70.7880483186745
467735.1412871981	26.47643589980693	-73.13069187952435
478630.09232263855	26.313066351037072	-74.97370517235913
489778.81936844613	26.228470614609712	-76.7311560093107
501187.2336272725	26.14330953659159	-79.3092623048862
512861.38399136486	26.0165821737797	-81.37818833773714
524807.4602497729	25.768276957432057	-83.88337574715027
537031.7963702526	25.59168623264914	-86.09468285298843
549540.8738576248	25.441670754333494	-88.30512906262135
562341.325190349	25.288907433108548	-90.54319548568557
575439.9373371566	25.045660842864716	-92.83733488906358
588843.655355589	24.80849771632816	-95.24382532483406
602559.5860743575	24.57808366091498	-96.87671993003315
616595.0018614822	24.32653141542466	-99.39089308627983
630957.344480193	24.104353882816678	-101.39497046246447
645654.2290346556	23.814870252149703	-103.68539347115671
660693.4480075957	23.556727006032556	-105.71841319891888
676082.9753919819	23.266173295845483	-107.71328464590454
691830.9709189363	22.978085270809046	-109.91945126141248
707945.7843841381	22.6701160587319	-111.77888045828155
724435.9600749899	22.350903822158045	-113.62847326986392
741310.2413009177	21.990741016627485	-115.46449130007784
758577.5750291835	21.692065075572813	-117.54429741630992
776247.1166286919	21.34268948661987	-119.27324556221751
794328.2347242814	21.035189184455877	-121.17555268842898
812830.5161640996	20.658124912479376	-122.70391277288654
831763.7711026708	20.30409442239575	-124.40753822587916
851138.0382023768	19.9042151726492	-126.02087363137386
870963.5899560805	19.544671925294217	-127.8401506394909
891250.9381337459	19.23994589490745	-128.91323688559808
912010.8393559096	18.79347505206933	-130.53837919375016
933254.3007969914	18.465688870009373	-132.0360063514306
954992.5860214359	18.06217241419659	-133.31108772377985
977237.2209558111	17.660335974076766	-134.6139257127974
1e+06	17.279795627060068	-136.1258680261108
